SYMBOL,DATE,EXPIRY_DT,OPEN,HIGH,LOW,CLOSE,OI,IV
NIFTY,2023-06-01,2023-06-29,18624.95,18659.0,18550.0,18570.0,8833800,
NIFTY,2023-06-01,2023-07-27,18702.0,18735.0,18633.8,18650.35,741950,
NIFTY,2023-06-01,2023-08-31,18795.0,18819.55,18720.25,18736.1,176150,
NIFTY,2023-06-02,2023-06-29,18618.65,18675.5,18556.35,18635.95,9081600,
NIFTY,2023-06-02,2023-07-27,18694.9,18750.0,18639.3,18718.75,748900,
NIFTY,2023-06-02,2023-08-31,18787.25,18833.95,18729.0,18800.05,191800,
NIFTY,2023-06-05,2023-06-29,18700.2,18729.0,18676.6,18696.65,9162450,
NIFTY,2023-06-05,2023-07-27,18770.4,18803.65,18753.75,18774.7,735500,
NIFTY,2023-06-05,2023-08-31,18852.55,18885.0,18840.0,18861.45,201100,
NIFTY,2023-06-06,2023-06-29,18675.0,18700.75,18605.55,18672.95,8779100,
NIFTY,2023-06-06,2023-07-27,18762.0,18778.0,18687.4,18751.1,797350,
NIFTY,2023-06-06,2023-08-31,18876.45,18876.45,18780.0,18837.3,213100,
NIFTY,2023-06-07,2023-08-31,18899.95,18964.15,18862.6,18958.95,229000,
NIFTY,2023-06-07,2023-06-29,18715.5,18807.65,18706.6,18798.4,9509950,
NIFTY,2023-06-07,2023-07-27,18812.75,18881.0,18778.5,18874.0,866450,
NIFTY,2023-06-08,2023-06-29,18811.1,18842.0,18693.5,18709.95,9876050,
NIFTY,2023-06-08,2023-07-27,18885.0,18915.0,18776.8,18791.8,884800,
NIFTY,2023-06-08,2023-08-31,18968.15,18997.95,18867.65,18881.8,242000,
NIFTY,2023-06-09,2023-06-29,18724.95,18739.95,18618.35,18631.55,9708600,
NIFTY,2023-06-09,2023-07-27,18799.95,18817.05,18706.55,18719.55,941350,
NIFTY,2023-06-09,2023-08-31,18915.0,18975.3,18806.0,18815.95,250250,
NIFTY,2023-06-12,2023-08-31,18811.15,18881.95,18806.9,18863.55,263100,
NIFTY,2023-06-12,2023-06-29,18649.95,18705.6,18624.1,18683.0,9127150,
NIFTY,2023-06-12,2023-07-27,18731.0,18787.0,18710.05,18770.05,964150,
NIFTY,2023-06-13,2023-08-31,18890.85,18947.8,18890.85,18942.0,270700,
NIFTY,2023-06-13,2023-06-29,18735.35,18783.0,18721.0,18776.85,9037850,
NIFTY,2023-06-13,2023-07-27,18799.05,18860.0,18788.0,18856.9,968300,
NIFTY,2023-06-14,2023-06-29,18750.05,18832.0,18750.0,18818.25,9548250,
NIFTY,2023-06-14,2023-07-27,18875.0,18908.5,18831.25,18896.2,1058200,
NIFTY,2023-06-14,2023-08-31,18969.4,18997.0,18920.0,18983.5,287450,
NIFTY,2023-06-15,2023-06-29,18818.25,18867.5,18734.4,18745.45,9789450,10.549362697869892
NIFTY,2023-06-15,2023-07-27,18865.5,18939.55,18818.6,18828.15,1140800,10.552181576842369
NIFTY,2023-06-15,2023-08-31,18951.0,19027.4,18910.0,18927.95,315300,10.578769131042387
NIFTY,2023-06-16,2023-08-31,18957.95,19119.45,18950.0,19065.7,335250,10.61960440768901
NIFTY,2023-06-16,2023-06-29,18774.95,18955.0,18771.05,18899.15,10186750,10.9077766010812
NIFTY,2023-06-16,2023-07-27,18850.0,19030.0,18850.0,18977.6,1212750,10.901789901363069
NIFTY,2023-06-19,2023-08-31,19062.8,19088.95,18975.95,19017.65,370050,10.770094615259332
NIFTY,2023-06-19,2023-07-27,19003.5,19003.55,18880.0,18929.6,1284200,10.817646097604419
NIFTY,2023-06-19,2023-06-29,18920.0,18923.45,18789.15,18840.2,9956250,10.832032745243705
NIFTY,2023-06-20,2023-06-29,18819.75,18883.0,18712.3,18864.7,9693050,10.41444808063669
NIFTY,2023-06-20,2023-07-27,18900.05,18970.0,18810.0,18954.9,1358000,10.43488370753494
NIFTY,2023-06-20,2023-08-31,19000.0,19057.4,18906.0,19042.65,380500,10.436023413258635
NIFTY,2023-06-21,2023-08-31,19049.95,19078.1,19011.4,19070.6,463450,10.282670440761645
NIFTY,2023-06-21,2023-06-29,18872.9,18909.0,18828.45,18896.75,9200700,10.331811383647144
NIFTY,2023-06-21,2023-07-27,18950.0,18992.8,18921.4,18981.95,1482900,10.348441200137264
NIFTY,2023-06-22,2023-07-27,18979.65,19000.0,18892.55,18916.95,1810400,10.063349353472434
NIFTY,2023-06-22,2023-08-31,19060.0,19087.0,18986.0,19008.8,470700,10.08085566083486
NIFTY,2023-06-22,2023-06-29,18871.35,18920.65,18801.95,18830.05,9703600,10.378986712245414
NIFTY,2023-06-23,2023-08-31,18995.05,18995.05,18887.0,18893.55,490300,9.635948848754259
NIFTY,2023-06-23,2023-06-29,18789.0,18808.25,18690.0,18705.9,8531800,10.004698950221758
NIFTY,2023-06-23,2023-07-27,18899.75,18899.75,18790.0,18797.1,2101250,9.99272967511715
NIFTY,2023-06-26,2023-06-29,18720.0,18744.45,18665.0,18717.2,7266600,10.035869562970104
NIFTY,2023-06-26,2023-07-27,18790.05,18830.9,18753.0,18806.3,3527300,9.732960077784506
NIFTY,2023-06-26,2023-08-31,18893.55,18924.05,18850.15,18898.45,509150,9.742705040798102
NIFTY,2023-06-27,2023-06-29,18741.0,18822.4,18730.0,18811.2,5383300,9.461397463195157
NIFTY,2023-06-27,2023-07-27,18840.0,18930.0,18822.6,18919.3,6325950,9.258149319249341
NIFTY,2023-06-27,2023-08-31,18918.7,19016.15,18914.45,19006.1,608000,9.270792709134005
NIFTY,2023-06-28,2023-06-28,18850.5,19009.95,18845.35,18966.3,3131900,9.271771184839626
NIFTY,2023-06-28,2023-07-27,18975.0,19107.6,18947.5,19072.45,9128150,9.333827157537387
NIFTY,2023-06-28,2023-08-31,19050.9,19191.85,19035.1,19159.6,824300,9.331817437304242
NIFTY,2023-06-30,2023-09-28,19300.0,19447.2,19206.65,19438.45,74000,9.38990692006784
NIFTY,2023-06-30,2023-08-31,19160.0,19358.55,19159.6,19348.9,935450,9.487462761719307
NIFTY,2023-06-30,2023-07-27,19082.0,19273.15,19082.0,19261.25,10007850,9.521432468770193
NIFTY,2023-07-03,2023-07-27,19321.0,19419.9,19302.55,19404.95,10300750,9.532725557971062
NIFTY,2023-07-03,2023-08-31,19400.0,19505.15,19381.3,19495.65,976500,9.17650070125034
NIFTY,2023-07-03,2023-09-28,19474.95,19600.0,19439.95,19591.2,146350,9.20105218028948
NIFTY,2023-07-04,2023-07-27,19421.0,19500.0,19376.3,19458.4,10342600,9.471052689989525
NIFTY,2023-07-04,2023-08-31,19530.0,19586.65,19463.8,19548.75,1026900,9.391672097246829
NIFTY,2023-07-04,2023-09-28,19613.0,19687.85,19559.0,19644.6,172000,9.287733332344777
NIFTY,2023-07-05,2023-07-27,19401.0,19486.0,19400.0,19466.85,10457700,9.770221447700944
NIFTY,2023-07-05,2023-08-31,19529.7,19575.0,19510.0,19562.05,1105100,9.773871759553396
NIFTY,2023-07-05,2023-09-28,19650.7,19670.0,19604.65,19659.45,197200,9.785454526574128
NIFTY,2023-07-06,2023-09-28,19634.3,19738.45,19633.9,19722.8,247900,9.804667889130464
NIFTY,2023-07-06,2023-08-31,19535.0,19642.4,19530.05,19626.8,1106200,9.490775095243416
NIFTY,2023-07-06,2023-07-27,19441.3,19555.0,19435.1,19536.1,11104350,9.589379316442963
NIFTY,2023-07-07,2023-07-27,19485.0,19567.25,19380.1,19398.5,10481800,9.789017090319158
NIFTY,2023-07-07,2023-08-31,19575.0,19654.7,19476.05,19492.3,1128050,9.788308541223756
NIFTY,2023-07-07,2023-09-28,19694.0,19749.0,19585.0,19602.9,331200,9.382065980030639
NIFTY,2023-07-10,2023-07-27,19422.2,19481.25,19375.15,19409.55,10300750,9.904864729047326
NIFTY,2023-07-10,2023-08-31,19543.95,19566.25,19472.0,19505.15,1136400,9.414587797312466
NIFTY,2023-07-10,2023-09-28,19601.0,19676.0,19590.0,19614.8,342100,9.440882293101623
NIFTY,2023-07-11,2023-09-28,19650.0,19750.0,19626.5,19703.0,357300,9.322568432855965
NIFTY,2023-07-11,2023-08-31,19546.0,19649.0,19544.25,19599.6,1176150,9.4895569989607
NIFTY,2023-07-11,2023-07-27,19452.2,19562.5,19436.25,19500.85,10154200,9.60704885987998
NIFTY,2023-07-12,2023-07-27,19535.0,19543.9,19450.05,19461.3,10157300,9.502761059329703
NIFTY,2023-07-12,2023-08-31,19623.45,19641.7,19550.9,19560.2,1191750,9.47674207812368
NIFTY,2023-07-12,2023-09-28,19735.0,19738.0,19656.45,19668.2,378650,9.510158588084785
NIFTY,2023-07-13,2023-07-27,19535.6,19614.2,19452.1,19474.8,10403950,9.992501275376592
NIFTY,2023-07-13,2023-08-31,19625.0,19702.4,19554.0,19575.25,1291250,9.97537837323026
NIFTY,2023-07-13,2023-09-28,19736.9,19806.85,19667.6,19686.2,419300,10.015615132970455
NIFTY,2023-07-14,2023-08-31,19620.75,19721.0,19575.0,19695.5,1321550,9.143907105529788
NIFTY,2023-07-14,2023-09-28,19728.05,19823.95,19686.0,19802.5,442500,9.123997093445787
NIFTY,2023-07-14,2023-07-27,19522.2,19627.8,19475.0,19598.85,10635250,9.557578616562058
NIFTY,2023-07-17,2023-08-31,19717.0,19835.0,19696.0,19816.4,1479300,9.838775016826348
NIFTY,2023-07-17,2023-09-28,19849.75,19937.25,19802.3,19919.7,497600,9.858818092508285
NIFTY,2023-07-17,2023-07-27,19622.15,19739.0,19597.25,19721.2,10834050,10.246942188899787
NIFTY,2023-07-18,2023-09-28,19950.0,20018.5,19918.8,19971.55,544100,10.63473331043094
NIFTY,2023-07-18,2023-07-27,19755.6,19824.9,19707.0,19770.55,10496250,11.030575551068226
NIFTY,2023-07-18,2023-08-31,19853.0,19917.55,19805.0,19864.5,1652250,11.025300084435122
NIFTY,2023-07-19,2023-07-27,19801.0,19870.0,19747.0,19847.1,10501750,10.665638838077275
NIFTY,2023-07-19,2023-08-31,19879.05,19968.0,19849.15,19944.85,1870400,10.666840593814749
NIFTY,2023-07-19,2023-09-28,19999.0,20075.0,19959.0,20048.85,607750,10.67532062269935
NIFTY,2023-07-20,2023-07-27,19845.0,19981.55,19796.15,19970.2,10743000,10.7279479774843
NIFTY,2023-07-20,2023-08-31,19941.7,20080.0,19900.9,20068.55,2470950,10.68246418331212
NIFTY,2023-07-20,2023-09-28,20049.0,20185.0,20010.0,20173.15,737600,10.631746206295697
NIFTY,2023-07-21,2023-07-27,19860.0,19899.9,19730.0,19776.4,9933400,12.011190697305947
NIFTY,2023-07-21,2023-08-31,19950.0,20007.25,19855.05,19892.75,2612100,12.046547002324651
NIFTY,2023-07-21,2023-09-28,20110.05,20115.0,19975.0,20018.25,851600,12.070676453694626
NIFTY,2023-07-24,2023-09-28,20021.8,20034.7,19922.0,19935.4,867300,11.743828919460633
NIFTY,2023-07-24,2023-08-31,19932.0,19932.0,19800.9,19811.5,4123900,11.856808133298546
NIFTY,2023-07-24,2023-07-27,19771.8,19808.0,19680.0,19692.7,8572600,11.902739877409395
NIFTY,2023-07-25,2023-07-27,19744.1,19744.1,19632.0,19691.15,6703600,11.831519633983712
NIFTY,2023-07-25,2023-08-31,19811.1,19845.0,19757.6,19815.95,6332850,11.860839789068757
NIFTY,2023-07-25,2023-09-28,19950.05,19967.8,19883.3,19940.9,965450,11.865114540198073
NIFTY,2023-07-26,2023-07-27,19722.1,19828.2,19707.1,19774.0,4908950,12.134426341985534
NIFTY,2023-07-26,2023-08-31,19845.1,19944.0,19832.5,19889.95,8272100,12.161831184266461
NIFTY,2023-07-26,2023-09-28,19964.95,20060.0,19960.0,19999.0,1205650,12.160469877974325
NIFTY,2023-07-27,2023-07-27,19840.2,19872.35,19600.0,19646.9,2547150,12.923804061357874
NIFTY,2023-07-27,2023-08-31,19951.1,19988.4,19751.05,19811.4,11728350,13.06112134622784
NIFTY,2023-07-27,2023-09-28,20055.25,20092.85,19876.9,19929.7,1591800,13.071981737731347
NIFTY,2023-07-28,2023-10-26,19999.9,20007.55,19895.0,19964.0,104200,13.077236071463286
NIFTY,2023-07-28,2023-09-28,19902.0,19911.1,19805.8,19881.4,1686650,13.056695761034145
NIFTY,2023-07-28,2023-08-31,19779.9,19795.0,19678.0,19751.8,10986900,12.838619770519172
NIFTY,2023-07-31,2023-08-31,19771.5,19859.95,19708.25,19843.95,10967750,12.49880502371385
NIFTY,2023-07-31,2023-09-28,19895.0,19983.15,19840.05,19969.65,1712600,12.543005809535998
NIFTY,2023-07-31,2023-10-26,19970.0,20078.0,19930.0,20061.55,136250,12.232564707881101
NIFTY,2023-08-01,2023-08-31,19862.0,19869.0,19785.75,19812.55,10790950,12.239623805907607
NIFTY,2023-08-01,2023-09-28,19972.15,19987.3,19913.05,19932.9,1711550,12.005195756032544
NIFTY,2023-08-01,2023-10-26,20066.2,20080.0,20014.9,20026.1,142550,12.002756397984863
NIFTY,2023-08-02,2023-08-31,19755.65,19760.0,19514.0,19596.55,10434200,13.5579531262707
NIFTY,2023-08-02,2023-09-28,19872.05,19888.6,19643.0,19716.05,1636700,13.602081692482612
NIFTY,2023-08-02,2023-10-26,19985.0,19985.05,19754.05,19821.9,120200,13.607639519928977
NIFTY,2023-08-03,2023-10-26,19770.05,19819.75,19617.6,19682.8,150850,13.707561979360605
NIFTY,2023-08-03,2023-09-28,19669.9,19713.0,19503.0,19580.05,1459150,13.677420078974038
NIFTY,2023-08-03,2023-08-31,19540.0,19647.0,19390.0,19468.15,10996550,13.627646222564394
NIFTY,2023-08-04,2023-08-31,19501.1,19596.65,19486.1,19576.25,11403700,12.568812947924707
NIFTY,2023-08-04,2023-09-28,19605.8,19705.0,19594.25,19688.5,1482500,12.56249516547195
NIFTY,2023-08-04,2023-10-26,19699.0,19800.0,19699.0,19785.1,169650,12.504696229298883
NIFTY,2023-08-07,2023-08-31,19600.0,19684.05,19577.0,19661.05,11173750,12.575706569044238
NIFTY,2023-08-07,2023-09-28,19717.95,19789.0,19687.2,19767.55,1592800,12.562703802461552
NIFTY,2023-08-07,2023-10-26,19754.4,19884.0,19754.4,19864.3,186000,12.510691780185285
NIFTY,2023-08-08,2023-08-31,19682.0,19682.0,19585.0,19611.25,11097200,13.071231479980087
NIFTY,2023-08-08,2023-09-28,19774.75,19780.8,19700.0,19722.75,1640150,13.044640744952666
NIFTY,2023-08-08,2023-10-26,19885.4,19885.4,19798.35,19817.45,190650,12.987379728249508
NIFTY,2023-08-09,2023-10-26,19813.45,19899.0,19733.75,19887.9,198300,12.791892146194888
NIFTY,2023-08-09,2023-09-28,19710.0,19806.9,19627.5,19795.85,1683050,12.751238564473965
NIFTY,2023-08-09,2023-08-31,19611.2,19701.9,19512.25,19689.6,11023000,12.724206495523415
NIFTY,2023-08-10,2023-08-31,19639.9,19669.0,19535.0,19596.8,10900400,11.726611747721524
NIFTY,2023-08-10,2023-09-28,19791.0,19791.0,19653.95,19712.75,1748750,11.594017152763614
NIFTY,2023-08-10,2023-10-26,19881.85,19881.85,19750.05,19809.85,199250,11.54999924916897
NIFTY,2023-08-11,2023-08-31,19599.0,19600.0,19488.6,19504.35,10847650,12.346573238566327
NIFTY,2023-08-11,2023-09-28,19700.0,19700.05,19607.3,19627.65,1842400,12.468500937565777
NIFTY,2023-08-11,2023-10-26,19796.1,19796.1,19710.0,19724.55,203900,12.421812593088807
NIFTY,2023-08-14,2023-09-28,19570.05,19617.1,19441.45,19595.95,1873650,12.478375475235753
NIFTY,2023-08-14,2023-10-26,19681.0,19710.5,19546.05,19688.3,220850,12.411115868278626
NIFTY,2023-08-14,2023-08-31,19449.8,19506.25,19316.85,19478.35,10656900,12.658047404849244
NIFTY,2023-08-16,2023-08-31,19400.4,19505.4,19352.55,19484.55,10815250,12.185446623871227
NIFTY,2023-08-16,2023-09-28,19525.8,19616.0,19470.05,19596.15,1950400,12.169522387011721
NIFTY,2023-08-16,2023-10-26,19608.35,19704.05,19569.75,19683.6,238100,12.161742273839705
NIFTY,2023-08-17,2023-08-31,19425.0,19463.15,19360.0,19393.9,11107650,11.280933207867012
NIFTY,2023-08-17,2023-09-28,19560.0,19580.3,19482.0,19510.0,2119850,11.275459645527459
NIFTY,2023-08-17,2023-10-26,19638.35,19669.85,19580.0,19600.3,227200,11.24497086133489
NIFTY,2023-08-18,2023-10-26,19550.0,19580.0,19488.0,19529.9,268800,11.111514759155765
NIFTY,2023-08-18,2023-08-31,19329.8,19380.0,19275.0,19331.5,10579450,11.392637182696571
NIFTY,2023-08-18,2023-09-28,19450.0,19487.1,19393.0,19438.7,2238800,11.403648005776036
NIFTY,2023-08-21,2023-10-26,19510.0,19622.0,19509.95,19600.95,302650,11.550222961997676
NIFTY,2023-08-21,2023-09-28,19424.05,19538.0,19419.85,19507.75,2510050,11.503044037719844
NIFTY,2023-08-21,2023-08-31,19325.6,19432.0,19310.05,19399.55,10186850,11.492294164489195
NIFTY,2023-08-22,2023-08-31,19411.05,19430.0,19365.6,19386.3,10026450,11.367452184807883
NIFTY,2023-08-22,2023-09-28,19459.0,19534.85,19459.0,19489.15,2667000,11.362501171143725
NIFTY,2023-08-22,2023-10-26,19605.0,19621.95,19565.0,19581.35,309850,11.35591633005188
NIFTY,2023-08-23,2023-08-31,19395.0,19456.75,19352.25,19430.9,9766750,10.968558195113166
NIFTY,2023-08-23,2023-09-28,19470.0,19559.5,19430.65,19539.75,2790300,10.964629635782181
NIFTY,2023-08-23,2023-10-26,19580.0,19647.0,19555.0,19626.7,344900,10.950911659390878
NIFTY,2023-08-24,2023-09-28,19618.9,19680.65,19495.25,19510.5,2840750,11.005332544515005
NIFTY,2023-08-24,2023-10-26,19699.0,19767.85,19591.05,19605.95,356300,11.049471369934844
NIFTY,2023-08-24,2023-08-31,19500.0,19575.0,19376.0,19395.6,9547400,11.367909954911157
NIFTY,2023-08-25,2023-08-31,19329.95,19340.0,19218.0,19250.3,9808650,11.4857900095074
NIFTY,2023-08-25,2023-09-28,19475.75,19475.75,19331.0,19364.95,3251300,11.487707584002834
NIFTY,2023-08-25,2023-10-26,19510.05,19543.25,19436.0,19456.7,367600,11.480029795494643
NIFTY,2023-08-28,2023-08-31,19278.3,19361.2,19247.1,19321.3,8736250,10.768931030689089
NIFTY,2023-08-28,2023-09-28,19363.4,19464.4,19362.2,19421.25,4514700,10.712631448981057
NIFTY,2023-08-28,2023-10-26,19478.95,19548.0,19457.05,19511.9,411400,10.701402191311676
NIFTY,2023-08-29,2023-10-26,19551.85,19559.5,19503.5,19527.85,431250,10.54328859055692
NIFTY,2023-08-29,2023-08-31,19351.2,19366.95,19306.0,19337.1,7425350,10.801699024006703
NIFTY,2023-08-29,2023-09-28,19442.0,19474.7,19408.0,19436.4,5825200,10.485659427707834
NIFTY,2023-08-30,2023-09-28,19475.0,19542.4,19430.6,19445.3,7488350,10.486164394341273
NIFTY,2023-08-30,2023-10-26,19575.0,19625.0,19530.0,19541.6,468200,10.45142159532326
NIFTY,2023-08-30,2023-08-31,19409.7,19444.05,19329.0,19342.5,5355000,10.757193360391453
NIFTY,2023-08-31,2023-09-28,19452.35,19492.0,19388.35,19414.25,10089500,9.944876521362815
NIFTY,2023-08-31,2023-10-26,19550.0,19579.6,19487.25,19516.7,516300,9.910169892713656
NIFTY,2023-08-31,2023-08-31,19354.35,19383.0,19235.6,19252.0,2997100,10.5580186155034
NIFTY,2023-09-01,2023-11-30,19560.0,19720.0,19556.55,19705.05,59450,12.611783285075928
NIFTY,2023-09-01,2023-09-28,19409.5,19528.95,19377.0,19512.1,9601900,12.585695646384142
NIFTY,2023-09-01,2023-10-26,19500.0,19620.0,19475.0,19606.1,561050,12.56128335126269
NIFTY,2023-09-04,2023-09-28,19562.65,19621.0,19508.0,19608.8,9564250,12.328393439282097
NIFTY,2023-09-04,2023-10-26,19640.0,19713.7,19603.65,19703.45,579300,12.317170003765744
NIFTY,2023-09-04,2023-11-30,19756.8,19815.0,19709.25,19807.65,95450,12.265736891957426
NIFTY,2023-09-05,2023-09-28,19625.3,19664.0,19590.0,19653.55,9524400,12.50652098246877
NIFTY,2023-09-05,2023-10-26,19705.95,19756.85,19690.0,19748.9,613750,12.492011491412605
NIFTY,2023-09-05,2023-11-30,19813.55,19865.55,19795.55,19859.15,125900,12.51965752803383
NIFTY,2023-09-06,2023-09-28,19650.0,19673.0,19556.1,19658.85,9603000,12.674531985777806
NIFTY,2023-09-06,2023-10-26,19738.0,19770.0,19660.0,19755.0,628550,12.65092422667006
NIFTY,2023-09-06,2023-11-30,19843.8,19878.0,19770.6,19866.85,134900,12.689490007054797
NIFTY,2023-09-07,2023-11-30,19866.7,19991.0,19814.0,19979.5,202500,12.629452593932946
NIFTY,2023-09-07,2023-10-26,19735.05,19884.95,19707.05,19871.95,734900,12.69269657462399
NIFTY,2023-09-07,2023-09-28,19625.65,19788.9,19601.5,19768.7,10125400,12.365169878036076
NIFTY,2023-09-08,2023-09-28,19800.0,19916.0,19772.3,19872.45,10035150,12.18493375941318
NIFTY,2023-09-08,2023-10-26,19894.65,20014.95,19880.25,19974.85,811250,12.159264120945364
NIFTY,2023-09-08,2023-11-30,20011.05,20125.0,19988.95,20084.95,236250,12.181643002195388
NIFTY,2023-09-11,2023-09-28,19912.1,20051.0,19892.0,20036.7,9984850,11.990148952109879
NIFTY,2023-09-11,2023-10-26,19971.5,20149.85,19971.5,20137.5,894550,11.986163848922367
NIFTY,2023-09-11,2023-11-30,20119.95,20256.0,20113.7,20243.3,278250,12.001946684708996
NIFTY,2023-09-12,2023-09-28,20112.55,20133.0,19970.35,20046.3,10035400,12.417592846300481
NIFTY,2023-09-12,2023-10-26,20200.0,20227.15,20073.0,20150.35,940450,12.051965151182953
NIFTY,2023-09-12,2023-11-30,20305.05,20330.0,20188.55,20257.35,311200,12.056777929106325
NIFTY,2023-09-13,2023-11-30,20254.45,20354.45,20217.8,20332.15,336650,12.071071683191972
NIFTY,2023-09-13,2023-10-26,20101.3,20250.0,20101.3,20227.25,1015750,12.176202021864862
NIFTY,2023-09-13,2023-09-28,20020.05,20150.0,20001.15,20125.15,10114500,11.845843324582676
NIFTY,2023-09-14,2023-09-28,20150.0,20204.95,20095.0,20172.0,10853300,11.8286857188648
NIFTY,2023-09-14,2023-10-26,20260.0,20300.0,20202.35,20272.75,1054200,11.820720646248038
NIFTY,2023-09-14,2023-11-30,20363.4,20405.0,20315.0,20383.85,361950,11.000925421087409
NIFTY,2023-09-15,2023-09-28,20205.6,20270.0,20191.0,20249.6,10991300,9.172701468033738
NIFTY,2023-09-15,2023-10-26,20324.0,20370.0,20294.25,20352.35,1134250,8.661026819935186
NIFTY,2023-09-15,2023-11-30,20421.0,20475.0,20402.75,20462.1,391500,8.682198992220986
NIFTY,2023-09-18,2023-09-28,20205.0,20234.5,20162.3,20178.85,10762000,9.744871168268201
NIFTY,2023-09-18,2023-10-26,20319.75,20336.0,20272.0,20286.45,1162000,9.763318949440894
NIFTY,2023-09-18,2023-11-30,20435.55,20444.95,20302.2,20394.7,396500,9.765151556779747
NIFTY,2023-09-20,2023-11-30,20319.6,20349.6,20173.4,20205.6,453050,9.890406724082217
NIFTY,2023-09-20,2023-10-26,20185.55,20210.0,20051.0,20087.75,1359000,10.007526556974573
NIFTY,2023-09-20,2023-09-28,20050.0,20160.0,19931.0,19972.05,9573350,10.055280599924105
NIFTY,2023-09-21,2023-09-28,19895.0,19895.0,19745.0,19778.7,9041100,10.019873024795594
NIFTY,2023-09-21,2023-10-26,19994.05,20039.25,19871.6,19897.1,1864400,10.069131529122958
NIFTY,2023-09-21,2023-11-30,20145.2,20160.0,19995.05,20020.8,503650,10.096266861962102
NIFTY,2023-09-22,2023-09-28,19750.85,19825.0,19690.55,19708.25,8655250,10.955859507863515
NIFTY,2023-09-22,2023-10-26,19897.0,19941.35,19807.0,19822.65,2242200,10.99632000923932
NIFTY,2023-09-22,2023-11-30,19999.95,20060.0,19936.95,19948.65,557400,11.037076449892535
NIFTY,2023-09-25,2023-09-28,19722.25,19763.0,19626.25,19700.5,7741000,11.531023574528323
NIFTY,2023-09-25,2023-10-26,19828.1,19884.7,19755.0,19820.35,3495750,11.572099566450904
NIFTY,2023-09-25,2023-11-30,19940.0,20000.0,19884.0,19942.75,599550,11.60228302821677
NIFTY,2023-09-26,2023-11-30,19923.75,19955.0,19888.0,19916.5,624300,11.588720002159429
NIFTY,2023-09-26,2023-10-26,19839.95,19842.8,19761.0,19793.55,5117450,11.60633450596031
NIFTY,2023-09-26,2023-09-28,19679.0,19719.8,19640.95,19677.05,6329700,11.571429553756081
NIFTY,2023-09-27,2023-09-28,19634.9,19743.0,19543.1,19719.05,4736050,11.293925271473775
NIFTY,2023-09-27,2023-10-26,19749.8,19852.0,19661.2,19828.9,6798850,11.31116939508538
NIFTY,2023-09-27,2023-11-30,19864.0,19968.75,19790.0,19949.95,646550,11.348988769358062
NIFTY,2023-09-28,2023-09-28,19742.5,19747.05,19501.0,19522.95,3301100,12.786105135179056
NIFTY,2023-09-28,2023-10-26,19860.7,19860.7,19610.1,19637.1,9695000,12.896461128852419
NIFTY,2023-09-28,2023-11-30,19935.0,19964.1,19737.35,19761.45,759000,13.003912352862326
NIFTY,2023-09-29,2023-10-26,19675.0,19794.0,19638.0,19709.0,9381000,12.9874213914663
NIFTY,2023-09-29,2023-11-30,19800.0,19903.0,19760.0,19826.6,742250,13.027728415678471
NIFTY,2023-09-29,2023-12-28,19875.7,20009.55,19843.8,19935.8,75100,13.028865604108342
NIFTY,2023-10-03,2023-12-28,19862.6,19862.6,19774.0,19806.3,108750,13.025353323992666
NIFTY,2023-10-03,2023-11-30,19770.0,19770.0,19666.0,19695.05,791700,12.981653813410027
NIFTY,2023-10-03,2023-10-26,19650.0,19658.95,19539.3,19571.5,10084400,12.917831206206202
NIFTY,2023-10-04,2023-10-26,19474.1,19481.0,19362.8,19469.25,10419000,12.431728400596823
NIFTY,2023-10-04,2023-11-30,19601.0,19638.0,19490.0,19590.05,851650,12.473832417215961
NIFTY,2023-10-04,2023-12-28,19710.85,19714.85,19605.05,19703.55,138200,12.495147553040786
NIFTY,2023-10-05,2023-10-26,19535.0,19616.45,19514.5,19568.0,11072400,12.378175828198405
NIFTY,2023-10-05,2023-11-30,19638.0,19730.0,19631.6,19689.15,892150,12.463778624877627
NIFTY,2023-10-05,2023-12-28,19753.55,19839.0,19753.55,19798.4,164400,12.49086648125105
NIFTY,2023-10-06,2023-10-26,19610.0,19691.95,19601.1,19678.5,10585750,12.29597224998667
NIFTY,2023-10-06,2023-11-30,19737.95,19804.25,19725.8,19792.15,929550,12.286989909738159
NIFTY,2023-10-06,2023-12-28,19846.75,19909.95,19836.45,19900.8,192050,12.256018663063095
NIFTY,2023-10-09,2023-12-28,19813.6,19842.0,19742.0,19768.2,210700,11.529302412711985
NIFTY,2023-10-09,2023-11-30,19699.95,19744.9,19627.8,19655.65,964450,11.51886652639763
NIFTY,2023-10-09,2023-10-26,19590.1,19616.8,19505.9,19539.15,10478550,11.456073864776407
NIFTY,2023-10-10,2023-10-26,19599.9,19749.0,19585.1,19738.1,10284100,11.3110505679456
NIFTY,2023-10-10,2023-11-30,19709.1,19862.95,19709.1,19850.1,1114800,11.292805936176242
NIFTY,2023-10-10,2023-12-28,19827.1,19970.0,19826.3,19958.15,256500,11.260380750240415
NIFTY,2023-10-11,2023-10-26,19780.0,19874.9,19780.0,19850.1,9652450,11.365720271164896
NIFTY,2023-10-11,2023-11-30,19920.0,19985.0,19903.4,19965.75,1244100,11.339350091509374
NIFTY,2023-10-11,2023-12-28,20019.95,20092.0,19990.1,20075.3,300850,11.277958268455173
NIFTY,2023-10-12,2023-10-26,19862.3,19884.0,19802.5,19843.5,9689100,11.810435762788735
NIFTY,2023-10-12,2023-11-30,19965.9,19994.85,19925.0,19965.2,1191200,11.833603025677117
NIFTY,2023-10-12,2023-12-28,20090.0,20108.15,20031.85,20066.5,332600,11.793025005308824
NIFTY,2023-10-13,2023-12-28,19935.8,20040.25,19912.65,19969.1,334750,9.994268376888364
NIFTY,2023-10-13,2023-11-30,19840.0,19938.95,19815.25,19866.4,1319300,10.016932663702248
NIFTY,2023-10-13,2023-10-26,19698.35,19816.9,19685.05,19742.05,9332950,10.034383408818567
NIFTY,2023-10-16,2023-10-26,19731.65,19794.0,19693.05,19740.4,9334750,10.003207770531334
NIFTY,2023-10-16,2023-11-30,19850.0,19920.0,19824.0,19868.2,1325700,10.030223550802686
NIFTY,2023-10-16,2023-12-28,19940.0,20019.4,19924.0,19974.15,347150,10.02212836550775
NIFTY,2023-10-17,2023-10-26,19834.0,19852.95,19764.95,19811.1,9468950,10.128318901481013
NIFTY,2023-10-17,2023-11-30,19937.45,19976.85,19896.3,19933.9,1397400,10.135021023843317
NIFTY,2023-10-17,2023-12-28,20061.0,20079.35,20000.0,20034.55,385000,10.015661883182773
NIFTY,2023-10-18,2023-10-26,19825.0,19845.0,19665.1,19683.35,9238000,11.221157049194472
NIFTY,2023-10-18,2023-11-30,19921.5,19970.0,19795.15,19812.3,1585350,11.237203636935673
NIFTY,2023-10-18,2023-12-28,20023.4,20068.5,19907.0,19921.1,391250,11.224933802402468
NIFTY,2023-10-19,2023-12-28,19809.8,19904.0,19778.75,19858.6,394450,11.065599910630707
NIFTY,2023-10-19,2023-11-30,19723.3,19800.1,19656.75,19750.9,1856700,11.059901641937472
NIFTY,2023-10-19,2023-10-26,19575.0,19669.95,19527.0,19618.75,8955500,11.107397685137908
NIFTY,2023-10-20,2023-10-26,19549.6,19576.4,19508.3,19527.85,8680300,11.050617602129902
NIFTY,2023-10-20,2023-11-30,19691.05,19705.0,19637.0,19654.15,2428600,11.085094821559409
NIFTY,2023-10-20,2023-12-28,19797.75,19819.55,19745.0,19759.15,394500,11.078600190356095
NIFTY,2023-10-23,2023-10-26,19520.0,19543.05,19241.15,19269.2,7222400,13.064350595865056
NIFTY,2023-10-23,2023-11-30,19639.85,19665.9,19357.0,19381.35,4112400,13.117113587059162
NIFTY,2023-10-23,2023-12-28,19749.95,19771.75,19475.0,19499.1,434900,13.14168190085928
NIFTY,2023-10-25,2023-11-30,19407.55,19451.0,19170.0,19224.95,7207900,13.379910746801277
NIFTY,2023-10-25,2023-12-28,19499.1,19569.5,19279.25,19327.3,477600,13.365452960425303
NIFTY,2023-10-25,2023-10-26,19306.0,19350.0,19068.7,19128.0,4520750,13.499673205938773
NIFTY,2023-10-26,2023-10-26,19040.0,19064.4,18840.55,18856.7,2315100,13.958839722716784
NIFTY,2023-10-26,2023-11-30,19149.8,19149.8,18950.0,18972.6,11001050,13.974086082837811
NIFTY,2023-10-26,2023-12-28,19250.05,19255.45,19061.0,19079.3,618150,13.980231260544866
NIFTY,2023-10-27,2023-11-30,18999.6,19160.0,18990.75,19131.35,10821450,13.712365032197086
NIFTY,2023-10-27,2023-12-28,19119.85,19264.95,19119.3,19239.9,664700,13.691717254545008
NIFTY,2023-10-27,2024-01-25,19199.3,19367.2,19199.3,19343.4,56950,13.70416037425755
NIFTY,2023-10-30,2024-01-25,19326.05,19445.0,19225.35,19429.2,96050,13.752516583452786
NIFTY,2023-10-30,2023-11-30,19069.5,19234.25,19014.6,19220.9,10914000,13.995754354428488
NIFTY,2023-10-30,2023-12-28,19230.3,19339.0,19124.35,19326.05,783650,14.030142883459645
NIFTY,2023-10-31,2023-12-28,19411.25,19411.25,19226.25,19261.8,877000,14.049768972461601
NIFTY,2023-10-31,2024-01-25,19439.65,19468.55,19334.75,19362.3,107250,13.998024242251716
NIFTY,2023-10-31,2023-11-30,19275.0,19279.0,19120.0,19158.2,10998500,14.146831295489084
NIFTY,2023-11-01,2023-11-30,19144.05,19174.4,19050.4,19060.25,11471900,14.046457462299289
NIFTY,2023-11-01,2023-12-28,19251.4,19277.6,19157.05,19165.4,878150,14.016401394695546
NIFTY,2023-11-01,2024-01-25,19349.95,19371.85,19260.0,19269.45,115200,14.031711351961345
NIFTY,2023-11-02,2023-11-30,19200.2,19451.05,19140.2,19238.85,11704900,13.158938417848926
NIFTY,2023-11-02,2023-12-28,19300.0,19359.3,19250.0,19342.2,926550,13.106588754852485
NIFTY,2023-11-02,2024-01-25,19409.8,19460.0,19352.0,19443.55,145800,13.096343783477153
NIFTY,2023-11-03,2024-01-25,19536.95,19562.0,19490.05,19507.9,164250,13.12855803427456
NIFTY,2023-11-03,2023-11-30,19340.0,19413.4,19280.0,19303.6,11297400,13.370417463855835
NIFTY,2023-11-03,2023-12-28,19443.95,19465.9,19390.6,19406.9,950600,13.359323811213072
NIFTY,2023-11-06,2024-01-25,19605.55,19696.0,19598.85,19689.55,195450,13.966510482067035
NIFTY,2023-11-06,2023-12-28,19499.0,19593.2,19490.45,19589.55,991000,13.925191518425741
NIFTY,2023-11-06,2023-11-30,19429.0,19492.5,19385.0,19486.5,11085650,13.905990875360864
NIFTY,2023-11-07,2023-11-30,19461.1,19493.9,19415.0,19476.9,11036700,11.834567361276559
NIFTY,2023-11-07,2023-12-28,19592.0,19594.95,19520.0,19581.5,992300,11.817323483670028
NIFTY,2023-11-07,2024-01-25,19606.5,19698.0,19606.5,19682.95,207700,11.782583739403703
NIFTY,2023-11-08,2024-01-25,19700.0,19727.7,19681.0,19700.05,217800,10.963178101950719
NIFTY,2023-11-08,2023-11-30,19512.6,19524.35,19467.0,19490.85,10999600,11.362700777141265
NIFTY,2023-11-08,2023-12-28,19600.9,19625.0,19576.85,19596.55,1014350,10.994238258082333
NIFTY,2023-11-09,2023-12-28,19590.0,19628.0,19580.0,19588.65,1033550,10.043313493500218
NIFTY,2023-11-09,2024-01-25,19691.4,19729.95,19682.0,19694.3,223450,10.014002126018571
NIFTY,2023-11-09,2023-11-30,19503.6,19526.4,19471.1,19484.6,11367000,10.497267470400864
NIFTY,2023-11-10,2024-01-25,19625.0,19708.95,19600.0,19688.0,238000,10.85704271219244
NIFTY,2023-11-10,2023-12-28,19518.0,19609.0,19493.0,19582.05,1042400,10.914284626078356
NIFTY,2023-11-10,2023-11-30,19424.0,19506.0,19375.0,19482.65,11075500,10.937955647582356
NIFTY,2023-11-12,2023-11-30,19650.0,19650.0,19503.3,19538.1,11245800,10.89486978102902
NIFTY,2023-11-12,2023-12-28,19625.05,19674.95,19501.25,19640.15,1071200,10.47688925365524
NIFTY,2023-11-12,2024-01-25,19750.0,19798.75,19700.3,19738.1,241650,10.458846905832852
NIFTY,2023-11-13,2023-11-30,19521.15,19535.1,19469.65,19497.15,11289500,11.057404652536666
NIFTY,2023-11-13,2023-12-28,19618.0,19633.85,19575.25,19603.3,1072700,11.066132804186198
NIFTY,2023-11-13,2024-01-25,19710.0,19737.95,19684.0,19702.4,252350,10.63664977994848
NIFTY,2023-11-15,2023-12-28,19725.1,19865.0,19725.1,19830.95,1166550,10.594371364005264
NIFTY,2023-11-15,2024-01-25,19825.0,19970.45,19825.0,19934.4,316950,10.58445132453952
NIFTY,2023-11-15,2023-11-30,19700.2,19763.65,19637.0,19723.3,11400600,11.053682843768318
NIFTY,2023-11-16,2023-11-30,19738.0,19934.0,19695.85,19829.7,11028550,11.107739785199525
NIFTY,2023-11-16,2023-12-28,19835.0,20035.7,19801.05,19936.4,1293350,11.108041362735523
NIFTY,2023-11-16,2024-01-25,19900.25,20139.0,19900.0,20046.35,375300,11.117380880439963
NIFTY,2023-11-17,2023-11-30,19871.1,19871.1,19750.55,19806.5,10730800,11.712144403712475
NIFTY,2023-11-17,2023-12-28,19880.0,19969.9,19861.25,19917.7,1375300,11.320048251824966
NIFTY,2023-11-17,2024-01-25,19983.5,20075.0,19975.0,20033.6,390800,11.336219369721464
NIFTY,2023-11-20,2024-01-25,20025.8,20035.05,19952.0,19982.3,387000,10.631354858832447
NIFTY,2023-11-20,2023-11-30,19798.9,19848.0,19718.0,19751.2,10129400,11.084422431629505
NIFTY,2023-11-20,2023-12-28,19891.0,19980.0,19833.0,19863.4,1457900,11.061252147723954
NIFTY,2023-11-21,2023-12-28,19908.45,20005.0,19908.45,19952.55,1504750,11.110150280647103
NIFTY,2023-11-21,2024-01-25,20032.75,20116.0,20005.0,20066.7,407500,11.123063083027612
NIFTY,2023-11-21,2023-11-30,19809.95,19898.0,19801.0,19841.3,10192400,11.574526763398579
NIFTY,2023-11-22,2023-11-30,19839.95,19894.4,19755.6,19884.1,10454850,11.586113878545936
NIFTY,2023-11-22,2023-12-28,19952.05,20004.2,19867.25,19993.15,1760700,11.196488147802885
NIFTY,2023-11-22,2024-01-25,20066.65,20114.35,19980.0,20105.85,423150,11.20421022707169
NIFTY,2023-11-23,2023-11-30,19903.05,19922.0,19838.05,19868.75,10839650,11.788560655085101
NIFTY,2023-11-23,2023-12-28,19998.05,20027.85,19953.0,19980.25,2003500,11.796605444247737
NIFTY,2023-11-23,2024-01-25,20111.0,20199.0,20069.25,20091.8,439650,11.393958080868801
NIFTY,2023-11-24,2024-01-25,20082.4,20100.95,20030.75,20054.0,455150,11.066421466299037
NIFTY,2023-11-24,2023-11-30,19869.95,19885.5,19800.0,19826.95,9999450,11.473634535442212
NIFTY,2023-11-24,2023-12-28,19987.95,19999.8,19915.0,19937.95,2382900,11.444780863698572
NIFTY,2023-11-28,2024-01-25,20080.05,20188.0,20058.55,20161.95,516050,11.827244204332525
NIFTY,2023-11-28,2023-12-28,19960.5,20074.0,19940.05,20053.15,4537000,11.90383028871176
NIFTY,2023-11-28,2023-11-30,19889.95,19955.0,19827.9,19936.7,8178550,11.978547710095308
NIFTY,2023-11-29,2023-11-30,20000.7,20144.0,19980.2,20131.45,6063150,11.664009879081881
NIFTY,2023-11-29,2023-12-28,20150.5,20267.0,20100.0,20252.6,7210300,11.683767401007552
NIFTY,2023-11-29,2024-01-25,20202.05,20384.3,20201.1,20368.75,703600,11.705340252215816
NIFTY,2023-11-30,2024-01-25,20398.1,20405.75,20273.0,20389.1,797200,11.593303113512201
NIFTY,2023-11-30,2023-11-30,20146.65,20152.5,20006.85,20129.4,3951350,12.172632536691392
NIFTY,2023-11-30,2023-12-28,20275.0,20291.6,20144.1,20270.6,9918000,11.862803584300732
NIFTY,2023-12-01,2024-01-25,20428.05,20525.0,20418.2,20492.8,868400,12.150700229582165
NIFTY,2023-12-01,2024-02-29,20479.85,20637.2,20430.45,20598.6,57200,12.144227601615496
NIFTY,2023-12-01,2023-12-28,20292.9,20410.0,20292.9,20375.15,9944150,12.548667004111715
NIFTY,2023-12-04,2024-01-25,20749.05,20943.6,20730.3,20915.45,1179600,14.071731647600153
NIFTY,2023-12-04,2024-02-29,20851.1,21045.9,20835.8,21018.45,139200,14.05713408128045
NIFTY,2023-12-04,2023-12-28,20640.0,20828.3,20615.5,20798.9,10533000,14.44145261857149
NIFTY,2023-12-05,2024-01-25,20933.85,21075.0,20922.1,21060.65,1238300,14.754232744351159
NIFTY,2023-12-05,2024-02-29,21084.5,21180.0,21023.1,21163.45,187200,14.220420448694474
NIFTY,2023-12-05,2023-12-28,20855.05,20954.95,20802.0,20942.6,10872100,14.65231449205163
NIFTY,2023-12-06,2024-02-29,21233.15,21273.75,21170.0,21257.9,221250,15.132609768970159
NIFTY,2023-12-06,2023-12-28,21038.8,21080.0,20941.25,21039.3,11227850,15.51135667792621
NIFTY,2023-12-06,2024-01-25,21125.0,21175.0,21066.0,21161.1,1311900,15.063348847811234
NIFTY,2023-12-07,2023-12-28,21019.9,21048.0,20956.25,21030.8,12039800,15.256558397333775
NIFTY,2023-12-07,2024-01-25,21176.85,21176.85,21078.0,21152.25,1316450,15.262696693291067
NIFTY,2023-12-07,2024-02-29,21250.0,21270.0,21176.95,21256.1,252300,15.248775260945843
NIFTY,2023-12-08,2023-12-28,21085.0,21107.45,20949.0,21075.0,11649450,15.021203069475902
NIFTY,2023-12-08,2024-01-25,21178.6,21225.0,21074.85,21197.95,1383250,15.025968316437528
NIFTY,2023-12-08,2024-02-29,21264.05,21330.0,21182.0,21299.95,265250,15.01171995183076
NIFTY,2023-12-11,2023-12-28,21086.55,21119.4,21032.0,21084.45,11620400,15.381579977123799
NIFTY,2023-12-11,2024-01-25,21197.55,21239.0,21158.0,21207.15,1456950,14.9141257353506
NIFTY,2023-12-11,2024-02-29,21297.05,21343.0,21266.25,21312.65,266500,14.903188079280847
NIFTY,2023-12-12,2024-02-29,21334.55,21360.35,21230.0,21261.8,289050,14.712633446723153
NIFTY,2023-12-12,2024-01-25,21235.0,21248.65,21120.1,21149.85,1515650,14.707103412691033
NIFTY,2023-12-12,2023-12-28,21112.2,21129.95,20991.0,21022.95,11315900,14.715900915948135
NIFTY,2023-12-13,2023-12-28,21039.95,21048.95,20900.1,21033.95,10887200,14.524205386439265
NIFTY,2023-12-13,2024-01-25,21210.0,21210.0,21028.65,21160.25,1533200,14.523844794079658
NIFTY,2023-12-13,2024-02-29,21267.0,21287.95,21140.0,21271.15,323650,14.51203421891168
NIFTY,2023-12-14,2023-12-28,21212.6,21355.0,21177.25,21327.65,12898850,14.515146794669299
NIFTY,2023-12-14,2024-01-25,21222.0,21486.05,21222.0,21456.55,1788000,13.918066955502297
NIFTY,2023-12-14,2024-02-29,21425.05,21599.95,21385.45,21574.5,362250,13.879039173968529
NIFTY,2023-12-15,2023-12-28,21400.0,21589.9,21354.05,21557.1,12939200,13.644465810346858
NIFTY,2023-12-15,2024-01-25,21523.0,21725.85,21486.65,21691.25,2163100,13.671114276384042
NIFTY,2023-12-15,2024-02-29,21610.0,21834.0,21600.0,21798.8,444700,13.16250684692635
NIFTY,2023-12-18,2024-02-29,21809.0,21809.0,21701.0,21731.3,456100,11.054884279952727
NIFTY,2023-12-18,2024-01-25,21640.5,21681.85,21596.7,21611.7,2316050,11.17030829280841
NIFTY,2023-12-18,2023-12-28,21509.0,21547.1,21458.3,21477.25,11824950,10.858493585633633
NIFTY,2023-12-19,2023-12-28,21481.1,21594.7,21415.0,21527.75,12763050,10.308512150220768
NIFTY,2023-12-19,2024-01-25,21600.0,21729.9,21550.0,21663.4,2757650,10.365996083440182
NIFTY,2023-12-19,2024-02-29,21731.45,21845.0,21677.0,21788.5,487100,9.893234432542457
NIFTY,2023-12-20,2023-12-28,21595.1,21680.0,21164.15,21217.05,12026700,11.94264410606325
NIFTY,2023-12-20,2024-01-25,21731.2,21819.25,21316.0,21371.45,2949700,11.715715656494863
NIFTY,2023-12-20,2024-02-29,21860.0,21940.0,21461.0,21514.4,505800,11.753524650887448
NIFTY,2023-12-21,2023-12-28,21100.0,21379.7,21060.0,21350.4,11057150,11.833897470079597
NIFTY,2023-12-21,2024-01-25,21299.0,21526.6,21220.55,21498.95,3316500,11.884311564941141
NIFTY,2023-12-21,2024-02-29,21449.9,21655.0,21360.0,21631.45,515250,11.929556695021038
NIFTY,2023-12-22,2024-02-29,21670.0,21756.6,21581.55,21701.55,589200,11.630537430213726
NIFTY,2023-12-22,2024-01-25,21525.45,21632.9,21440.0,21561.55,4335000,11.73170916134995
NIFTY,2023-12-22,2023-12-28,21401.55,21474.0,21285.0,21402.35,10034200,11.882163797003864
NIFTY,2023-12-26,2023-12-28,21409.0,21531.9,21362.6,21472.3,7613300,11.50064165993301
NIFTY,2023-12-26,2024-01-25,21561.55,21690.0,21520.05,21633.1,7296250,11.575981172254094
NIFTY,2023-12-26,2024-02-29,21692.9,21818.0,21665.0,21771.05,679250,11.628102538139327
NIFTY,2023-12-27,2023-12-28,21510.0,21708.35,21507.65,21681.8,6224600,11.678573045302382
NIFTY,2023-12-27,2024-01-25,21690.25,21879.1,21680.2,21854.1,10585250,11.721934956074168
NIFTY,2023-12-27,2024-02-29,21820.0,22010.25,21807.9,21986.95,825750,11.606673826908825
NIFTY,2023-12-28,2023-12-28,21722.1,21791.0,21687.7,21774.7,3557950,12.049073528455294
NIFTY,2023-12-28,2024-01-25,21895.1,21966.65,21861.75,21942.3,12880050,12.117719476812368
NIFTY,2023-12-28,2024-02-29,22040.0,22091.0,22000.25,22067.2,950200,12.131367898332472
NIFTY,2023-12-29,2024-03-28,22174.95,22196.0,22092.3,22155.7,56950,12.151304798595982
NIFTY,2023-12-29,2024-02-29,22055.65,22064.75,21965.0,22016.15,967050,12.258576181300377
NIFTY,2023-12-29,2024-01-25,21924.95,21939.9,21830.0,21885.95,12790350,12.331624967670429
NIFTY,2024-01-01,2024-01-25,21849.8,22025.0,21811.2,21888.9,12621600,12.325927283693233
NIFTY,2024-01-01,2024-02-29,21975.0,22155.45,21947.0,22018.65,1020050,12.314383319802822
NIFTY,2024-01-01,2024-03-28,22119.95,22288.25,22074.1,22168.75,102450,12.384066633240177
NIFTY,2024-01-02,2024-01-25,21820.0,21869.95,21674.0,21756.75,11836050,13.544022396196862
NIFTY,2024-01-02,2024-02-29,21970.05,22001.95,21815.0,21896.35,1040750,13.558031862358563
NIFTY,2024-01-02,2024-03-28,22134.2,22136.0,21958.95,22029.85,144150,13.499544258631712
NIFTY,2024-01-03,2024-01-25,21729.9,21729.9,21579.0,21600.0,11837550,14.724441883317297
NIFTY,2024-01-03,2024-02-29,21859.85,21859.85,21720.0,21738.1,1071100,14.72781623941212
NIFTY,2024-01-03,2024-03-28,22029.85,22029.85,21851.1,21872.6,172000,14.741970644967155
NIFTY,2024-01-04,2024-03-28,21917.95,22070.0,21896.5,22042.75,213900,12.587865194547538
NIFTY,2024-01-04,2024-02-29,21778.05,21940.0,21773.25,21914.2,1073150,12.620657895020143
NIFTY,2024-01-04,2024-01-25,21640.0,21810.0,21616.1,21785.95,11625050,12.641344970636572
NIFTY,2024-01-05,2024-01-25,21779.8,21831.0,21677.0,21793.85,11861300,12.407977990269545
NIFTY,2024-01-05,2024-02-29,21937.95,21963.95,21817.7,21928.2,1122150,12.375390082077516
NIFTY,2024-01-05,2024-03-28,22049.95,22088.9,21950.0,22060.4,217300,12.370286877746608
NIFTY,2024-01-08,2024-01-25,21789.5,21810.9,21562.75,21579.55,11760350,13.948415365301706
NIFTY,2024-01-08,2024-02-29,21928.0,21945.0,21705.0,21718.3,1173550,13.942390334593362
NIFTY,2024-01-08,2024-03-28,22049.85,22070.0,21839.0,21852.35,216500,13.84824169052953
NIFTY,2024-01-09,2024-01-25,21680.2,21807.8,21592.4,21616.85,11713500,14.217962838613216
NIFTY,2024-01-09,2024-02-29,21800.0,21938.0,21732.0,21751.6,1182150,14.167093533055603
NIFTY,2024-01-09,2024-03-28,21940.7,22060.35,21865.5,21884.55,246400,14.157306492570266
NIFTY,2024-01-10,2024-03-28,21817.55,21993.45,21775.65,21966.45,261200,14.13219263581097
NIFTY,2024-01-10,2024-02-29,21725.0,21870.0,21641.0,21843.45,1190500,14.054852616010674
NIFTY,2024-01-10,2024-01-25,21579.8,21737.0,21501.0,21709.1,11488300,14.043800838041715
NIFTY,2024-01-11,2024-01-25,21758.1,21773.8,21627.0,21678.45,11717550,13.771692582870699
NIFTY,2024-01-11,2024-02-29,21884.0,21909.4,21768.35,21819.6,1263150,13.71744756741541
NIFTY,2024-01-11,2024-03-28,22018.8,22029.85,21900.0,21944.5,275550,13.718635400176613
NIFTY,2024-01-12,2024-01-25,21745.0,21995.0,21731.0,21947.0,11930100,13.662328914342853
NIFTY,2024-01-12,2024-02-29,21891.0,22130.85,21867.0,22089.3,1485750,13.675244516583849
NIFTY,2024-01-12,2024-03-28,21910.0,22250.0,21910.0,22210.5,390050,13.635326464126962
NIFTY,2024-01-15,2024-01-25,22050.2,22149.9,21995.0,22133.3,12384650,13.684412308916432
NIFTY,2024-01-15,2024-02-29,22180.0,22286.8,22135.0,22274.0,1695750,13.700019568409111
NIFTY,2024-01-15,2024-03-28,22286.0,22410.0,22215.05,22398.5,456850,13.654764956732606
NIFTY,2024-01-16,2024-03-28,22362.3,22394.65,22242.0,22301.5,468500,12.51158131200756
NIFTY,2024-01-16,2024-02-29,22251.0,22277.7,22113.25,22175.9,1898250,12.533473189929644
NIFTY,2024-01-16,2024-01-25,22089.9,22138.0,21964.7,22029.5,12209500,12.576896794320511
NIFTY,2024-01-17,2024-01-25,21743.7,21854.75,21563.3,21589.55,11165700,12.639390240891347
NIFTY,2024-01-17,2024-02-29,22010.0,22044.0,21722.0,21741.85,2028450,12.669784856907768
NIFTY,2024-01-17,2024-03-28,22050.0,22170.0,21870.2,21887.15,470400,12.691490103680374
NIFTY,2024-01-18,2024-01-25,21461.95,21574.0,21316.8,21527.45,11089750,13.33457233759889
NIFTY,2024-01-18,2024-02-29,21650.0,21726.7,21467.2,21675.8,3400150,13.4231167955222
NIFTY,2024-01-18,2024-03-28,21800.0,21871.0,21625.0,21831.75,479650,13.489126383287237
NIFTY,2024-01-19,2024-01-25,21627.0,21708.0,21579.3,21672.15,11172000,13.658651723350138
NIFTY,2024-01-19,2024-02-29,21710.0,21845.3,21709.95,21814.9,3470450,13.676152047926667
NIFTY,2024-01-19,2024-03-28,21900.0,21984.0,21871.0,21963.35,477300,13.708371624870688
NIFTY,2024-01-20,2024-03-28,22022.0,22036.75,21870.0,21899.4,490450,12.112022118841006
NIFTY,2024-01-20,2024-02-29,21850.0,21897.45,21718.0,21751.5,3665150,12.155552547194777
NIFTY,2024-01-20,2024-01-25,21741.0,21759.6,21566.0,21604.1,11337600,12.170884938263116
NIFTY,2024-01-23,2024-01-25,21760.2,21783.0,21153.2,21194.25,7888100,12.985216688397047
NIFTY,2024-01-23,2024-02-29,21806.65,21916.0,21307.0,21352.3,6221650,13.046082139961163
NIFTY,2024-01-23,2024-03-28,22022.0,22059.95,21458.05,21498.65,550500,13.080898928913692
NIFTY,2024-01-24,2024-01-25,21160.0,21505.0,21141.0,21477.6,5285350,13.01738233789439
NIFTY,2024-01-24,2024-02-29,21346.1,21640.0,21287.05,21612.35,9188050,13.08510152471447
NIFTY,2024-01-24,2024-03-28,21528.15,21774.0,21444.0,21754.65,567300,13.112643943460867
NIFTY,2024-01-25,2024-01-25,21455.0,21474.15,21243.0,21325.45,2964250,14.31599814306335
NIFTY,2024-01-25,2024-02-29,21611.0,21611.0,21394.05,21488.55,12221400,14.36813780349017
NIFTY,2024-01-25,2024-03-28,21716.35,21725.9,21535.0,21617.9,651900,14.379449027157257
NIFTY,2024-01-29,2024-04-25,21717.15,22150.0,21717.15,22125.75,89700,15.968997138177112
NIFTY,2024-01-29,2024-03-28,21700.0,22016.65,21691.7,21992.2,799600,15.961289397020703
NIFTY,2024-01-29,2024-02-29,21591.0,21885.0,21575.0,21855.25,12390500,15.966206337728448
NIFTY,2024-01-30,2024-02-29,21900.2,21938.8,21607.0,21630.5,11254250,16.19714150078619
NIFTY,2024-01-30,2024-03-28,22072.45,22083.05,21755.05,21774.95,771850,16.209588479237805
NIFTY,2024-01-30,2024-04-25,22198.95,22200.0,21890.0,21911.9,122050,16.234452529435373
NIFTY,2024-01-31,2024-02-29,21614.95,21840.0,21570.0,21808.6,11246500,16.242326402306333
NIFTY,2024-01-31,2024-03-28,21740.05,21975.0,21713.8,21945.55,779050,16.29445628384786
NIFTY,2024-01-31,2024-04-25,21890.3,22104.0,21858.5,22083.25,139550,16.28887733241299
NIFTY,2024-02-01,2024-02-29,21800.15,21920.0,21725.0,21751.45,11341800,15.814617048275203
NIFTY,2024-02-01,2024-03-28,21973.65,22051.05,21870.95,21894.55,863250,15.7975547072848
NIFTY,2024-02-01,2024-04-25,22105.0,22184.4,22004.25,22022.1,182300,15.769294670870432
NIFTY,2024-02-02,2024-04-25,22154.7,22466.95,22149.95,22231.6,289550,15.164943810378158
NIFTY,2024-02-02,2024-03-28,22010.0,22333.75,22010.0,22087.75,926900,15.217268155445108
NIFTY,2024-02-02,2024-02-29,21880.2,22198.85,21877.05,21951.4,11806950,15.212584946732457
NIFTY,2024-02-05,2024-02-29,21925.0,22036.3,21765.0,21803.45,11792850,15.18890076857986
NIFTY,2024-02-05,2024-03-28,22050.55,22169.0,21911.0,21947.65,987900,15.189876345820718
NIFTY,2024-02-05,2024-04-25,22201.0,22305.1,22055.05,22089.4,322650,15.177205226249399
NIFTY,2024-02-06,2024-02-29,21836.6,22015.0,21790.05,21979.55,12047300,15.226021769123815
NIFTY,2024-02-06,2024-03-28,21968.45,22150.0,21930.75,22120.05,1072700,15.183494674431827
NIFTY,2024-02-06,2024-04-25,22107.4,22288.0,22080.9,22256.05,349800,15.099376522048354
NIFTY,2024-02-07,2024-02-29,22090.2,22109.85,21901.3,22003.7,12112800,14.364779807282444
NIFTY,2024-02-07,2024-03-28,22200.0,22244.95,22047.85,22146.0,1087350,14.330665546991938
NIFTY,2024-02-07,2024-04-25,22350.0,22383.95,22195.0,22295.0,359200,14.32643544813186
NIFTY,2024-02-08,2024-04-25,22329.5,22367.75,22067.6,22105.05,360900,14.592732530560381
NIFTY,2024-02-08,2024-03-28,22210.0,22228.85,21912.3,21951.85,916050,14.679704046006517
NIFTY,2024-02-08,2024-02-29,22055.0,22087.0,21768.0,21814.6,12291850,14.69346184793793
NIFTY,2024-02-09,2024-02-29,21809.9,21867.4,21674.2,21842.6,11684900,13.433257865142178
NIFTY,2024-02-09,2024-03-28,21900.0,22008.0,21823.05,21989.45,999400,13.395101650033586
NIFTY,2024-02-09,2024-04-25,22101.4,22155.0,21978.0,22138.35,356700,13.422294276514378
NIFTY,2024-02-12,2024-02-29,21905.6,22088.65,21662.0,21697.85,11851500,12.93809072330164
NIFTY,2024-02-12,2024-03-28,21949.4,22041.1,21813.4,21842.0,971800,12.998497163927174
NIFTY,2024-02-12,2024-04-25,22150.95,22179.5,21966.0,21992.2,361150,13.024944242259068
NIFTY,2024-02-13,2024-02-29,21720.2,21844.25,21626.55,21823.75,11995600,12.861880922124266
NIFTY,2024-02-13,2024-03-28,21872.95,21981.6,21780.0,21965.25,998700,12.853665888941892
NIFTY,2024-02-13,2024-04-25,21997.2,22129.75,21931.0,22114.65,380100,12.875173624823894
NIFTY,2024-02-14,2024-04-25,21960.1,22231.25,21906.05,22201.8,384200,12.824252633059047
NIFTY,2024-02-14,2024-03-28,21839.95,22093.0,21753.6,22057.1,1061900,12.870398679404982
NIFTY,2024-02-14,2024-02-29,21675.0,21951.0,21600.85,21916.85,11818300,12.873153522197848
NIFTY,2024-02-15,2024-02-29,21970.2,22027.95,21846.0,22005.05,11450650,12.132040103357738
NIFTY,2024-02-15,2024-03-28,22074.7,22169.95,21996.25,22149.6,1154950,12.1316022375374
NIFTY,2024-02-15,2024-04-25,22209.0,22307.25,22140.05,22287.05,478500,12.146816195591388
NIFTY,2024-02-16,2024-02-29,22060.2,22139.95,22039.45,22097.8,11613300,12.097280073463777
NIFTY,2024-02-16,2024-03-28,22165.05,22277.65,22165.05,22242.25,1246500,12.09629075829994
NIFTY,2024-02-16,2024-04-25,22349.0,22417.0,22317.55,22379.35,556100,12.054498688971654
NIFTY,2024-02-19,2024-02-29,22142.2,22259.95,22055.0,22171.4,11758800,12.212514136659456
NIFTY,2024-02-19,2024-03-28,22299.95,22399.0,22201.5,22312.05,1358900,12.201186130683563
NIFTY,2024-02-19,2024-04-25,22404.5,22531.1,22338.0,22448.6,603200,12.187393759698582
NIFTY,2024-02-20,2024-04-25,22430.05,22508.95,22361.7,22494.25,635100,12.07936228618121
NIFTY,2024-02-20,2024-03-28,22307.0,22372.75,22225.4,22359.15,1436550,12.115001581889322
NIFTY,2024-02-20,2024-02-29,22140.0,22234.0,22076.0,22217.2,11361700,12.1399483535623
NIFTY,2024-02-21,2024-02-29,22245.15,22272.0,22022.85,22070.15,11202450,11.831040811907581
NIFTY,2024-02-21,2024-03-28,22397.95,22409.0,22175.0,22211.8,1705400,11.828771073747832
NIFTY,2024-02-21,2024-04-25,22518.95,22544.0,22320.0,22346.1,665450,11.79731404070351
NIFTY,2024-02-22,2024-02-29,22119.8,22269.9,21943.0,22243.25,11136000,11.601515111386872
NIFTY,2024-02-22,2024-03-28,22218.5,22410.0,22093.6,22383.2,2543200,11.524662998301869
NIFTY,2024-02-22,2024-04-25,22375.75,22549.0,22240.15,22516.55,737850,11.429881837002913
NIFTY,2024-02-23,2024-02-29,22285.1,22344.45,22207.0,22228.85,10244650,12.114273425635735
NIFTY,2024-02-23,2024-03-28,22413.0,22464.95,22353.8,22374.3,3230400,12.106502258490462
NIFTY,2024-02-23,2024-04-25,22565.0,22599.45,22498.5,22514.0,796750,12.084099523306083
NIFTY,2024-02-26,2024-04-25,22480.05,22514.1,22389.2,22435.7,802250,10.498131183432898
NIFTY,2024-02-26,2024-03-28,22335.3,22374.95,22241.9,22291.8,4897600,10.584674778817513
NIFTY,2024-02-26,2024-02-29,22195.0,22230.6,22088.0,22141.65,9139950,10.629710626072153
NIFTY,2024-02-27,2024-02-29,22120.0,22229.3,22095.1,22203.05,6818450,10.382529190081693
NIFTY,2024-02-27,2024-03-28,22178.0,22373.05,22178.0,22348.85,7524300,10.386641992822723
NIFTY,2024-02-27,2024-04-25,22427.9,22510.0,22384.2,22488.55,881900,10.359246950859262
NIFTY,2024-02-28,2024-02-29,22196.85,22225.0,21890.0,21921.35,5177850,12.716792886264145
NIFTY,2024-02-28,2024-03-28,22360.25,22371.55,22045.0,22075.7,9865850,12.756409419979153
NIFTY,2024-02-28,2024-04-25,22499.6,22508.0,22190.0,22211.2,925000,12.724187466737321
NIFTY,2024-02-29,2024-02-29,21902.0,22029.95,21843.0,21957.4,3670800,13.131278139367378
NIFTY,2024-02-29,2024-03-28,22074.95,22199.55,22022.0,22160.5,13081300,13.270749079714058
NIFTY,2024-02-29,2024-04-25,22220.0,22335.0,22162.8,22283.5,987650,13.245680139594892
NIFTY,2024-03-01,2024-05-30,22499.5,22715.5,22400.0,22705.25,150850,14.071121900489612
NIFTY,2024-03-01,2024-04-25,22344.0,22593.0,22337.45,22579.2,1175300,14.089651146070098
NIFTY,2024-03-01,2024-03-28,22203.0,22453.45,22180.2,22443.2,12913500,14.109634989936271
NIFTY,2024-03-02,2024-03-28,22502.45,22547.0,22443.5,22502.0,12839750,13.837936247626685
NIFTY,2024-03-02,2024-04-25,22599.0,22650.0,22530.15,22640.6,1187000,13.831309541344853
NIFTY,2024-03-02,2024-05-30,22732.35,22775.0,22710.35,22761.55,165500,13.805777416350509
NIFTY,2024-03-04,2024-03-28,22510.0,22544.95,22466.0,22497.95,12709050,14.231537335834105
NIFTY,2024-03-04,2024-04-25,22890.3,22890.3,22605.45,22639.85,1384700,14.224087637303764
NIFTY,2024-03-04,2024-05-30,22769.95,22800.0,22730.05,22759.75,235050,14.140230387160695
NIFTY,2024-03-05,2024-03-28,22500.0,22517.25,22352.0,22433.25,12201950,14.662240220625785
NIFTY,2024-03-05,2024-04-25,22605.05,22659.95,22500.35,22580.95,1948700,14.668049325723247
NIFTY,2024-03-05,2024-05-30,22724.05,22775.0,22625.0,22697.25,791950,14.641367221607013
NIFTY,2024-03-06,2024-05-30,22642.45,22859.0,22589.85,22847.5,855500,14.658698717866145
NIFTY,2024-03-06,2024-04-25,22551.25,22746.9,22470.85,22735.55,1903000,14.662198604953346
NIFTY,2024-03-06,2024-03-28,22398.0,22605.0,22322.0,22593.05,13337150,14.699356528965415
NIFTY,2024-03-07,2024-03-28,22602.05,22619.9,22526.3,22552.35,12601650,14.195861003960008
NIFTY,2024-03-07,2024-04-25,22732.85,22756.0,22673.5,22692.6,1968900,14.184206759564857
NIFTY,2024-03-07,2024-05-30,22850.0,22871.0,22794.0,22809.95,898800,14.149896528413612
NIFTY,2024-03-11,2024-03-28,22608.0,22608.0,22392.5,22421.35,12054950,14.999124958250182
NIFTY,2024-03-11,2024-04-25,22725.0,22725.9,22548.0,22574.85,2126200,14.997059047379798
NIFTY,2024-03-11,2024-05-30,22810.0,22849.95,22673.35,22701.5,953400,14.908630879832918
NIFTY,2024-03-12,2024-04-25,22574.85,22688.95,22534.05,22601.45,2126850,14.974315745650035
NIFTY,2024-03-12,2024-05-30,22687.05,22808.95,22660.05,22721.15,1002800,14.93506669493927
NIFTY,2024-03-12,2024-03-28,22447.9,22537.9,22378.0,22447.05,12502600,15.27172945609023
NIFTY,2024-03-13,2024-03-28,22505.0,22515.0,22025.0,22103.25,12175750,14.073963486870605
NIFTY,2024-03-13,2024-04-25,22617.75,22640.55,22190.0,22259.75,2220300,14.075601502474566
NIFTY,2024-03-13,2024-05-30,22748.3,22763.1,22325.9,22397.0,1087100,14.076605570748828
NIFTY,2024-03-14,2024-03-28,22080.0,22329.6,22034.8,22264.55,12907650,13.76420045269521
NIFTY,2024-03-14,2024-04-25,22250.0,22485.0,22200.05,22421.8,2206600,13.657571292612008
NIFTY,2024-03-14,2024-05-30,22368.0,22609.55,22336.05,22545.25,1066200,13.656122927749925
NIFTY,2024-03-15,2024-05-30,22476.0,22486.6,22300.5,22435.6,1183250,12.551339859775993
NIFTY,2024-03-15,2024-03-28,22185.65,22192.75,22000.0,22133.2,12552850,13.0367141727222
NIFTY,2024-03-15,2024-04-25,22339.85,22353.0,22170.0,22295.55,2386400,13.131231620856385
NIFTY,2024-03-18,2024-04-25,22275.0,22373.25,22185.4,22298.25,2558250,13.104764441420796
NIFTY,2024-03-18,2024-05-30,22351.75,22519.95,22339.0,22440.9,1384100,13.115084760111314
NIFTY,2024-03-18,2024-03-28,22143.95,22219.65,22018.25,22135.45,12686550,13.554358484735321
NIFTY,2024-03-19,2024-03-28,22070.0,22094.0,21868.0,21886.5,11935350,13.531783825485535
NIFTY,2024-03-19,2024-04-25,22260.0,22260.0,22040.0,22055.95,2834200,13.604236505414502
NIFTY,2024-03-19,2024-05-30,22390.05,22390.15,22194.75,22210.6,1484300,13.680302237692423
NIFTY,2024-03-20,2024-03-28,21900.0,21988.8,21798.05,21910.05,11716850,13.61204088220246
NIFTY,2024-03-20,2024-04-25,22080.0,22149.85,21963.95,22076.15,3080100,13.661700526087628
NIFTY,2024-03-20,2024-05-30,22253.75,22296.05,22119.0,22228.95,1521300,13.737238661473397
NIFTY,2024-03-21,2024-05-30,22349.45,22450.8,22300.0,22416.3,1506600,13.830181954063114
NIFTY,2024-03-21,2024-03-28,22070.0,22149.0,22020.0,22102.5,11460200,14.318895152050768
NIFTY,2024-03-21,2024-04-25,22202.0,22308.0,22185.0,22266.55,3399300,14.42240939423348
NIFTY,2024-03-22,2024-05-30,22380.0,22564.95,22280.0,22478.0,1491250,14.699126722277736
NIFTY,2024-03-22,2024-04-25,22240.0,22420.4,22122.7,22335.35,4073150,14.683207456803002
NIFTY,2024-03-22,2024-03-28,22060.0,22258.0,21953.85,22165.45,10029700,14.722289009739606
NIFTY,2024-03-26,2024-03-28,22026.25,22150.0,21850.0,22088.55,7819850,13.935242356863931
NIFTY,2024-03-26,2024-04-25,22260.0,22322.95,22210.0,22260.55,5931950,13.980697998733534
NIFTY,2024-03-26,2024-05-30,22424.0,22471.0,22378.05,22413.2,1533900,14.032096873794139
NIFTY,2024-03-27,2024-05-30,22413.2,22521.25,22402.45,22483.7,1548100,14.014842243672632
NIFTY,2024-03-27,2024-03-28,22099.0,22210.0,22081.55,22167.05,6010850,14.479886326987204
NIFTY,2024-03-27,2024-04-25,22265.0,22380.0,22254.2,22331.8,8352800,14.260803205686159
NIFTY,2024-03-28,2024-04-25,22340.0,22640.0,22340.0,22488.2,10663650,13.649875144928972
NIFTY,2024-03-28,2024-05-30,22510.0,22779.95,22503.1,22635.1,1563400,13.62821109787576
NIFTY,2024-03-28,2024-03-28,22194.35,22528.8,22183.95,22342.3,5298700,14.066902468880032
NIFTY,2024-04-01,2024-05-30,22658.0,22784.95,22657.95,22739.0,826950,14.858992656320396
NIFTY,2024-04-01,2024-06-27,22850.0,22914.5,22784.9,22875.0,83650,14.822286891350265
NIFTY,2024-04-01,2024-04-25,22539.95,22647.0,22515.1,22602.6,9897250,15.187403753478822
NIFTY,2024-04-02,2024-04-25,22580.0,22611.55,22507.1,22577.5,10051250,15.118993940303675
NIFTY,2024-04-02,2024-05-30,22701.1,22745.0,22651.2,22719.3,810200,14.636306548042796
NIFTY,2024-04-02,2024-06-27,22886.55,22886.55,22791.15,22851.4,99550,14.58486800304368
NIFTY,2024-04-03,2024-04-25,22486.0,22630.75,22450.0,22542.6,10129250,15.168708431633632
NIFTY,2024-04-03,2024-05-30,22699.65,22768.0,22597.65,22685.7,828450,15.16702062670792
NIFTY,2024-04-03,2024-06-27,22786.1,22899.95,22735.0,22821.5,129000,14.647805241453996
NIFTY,2024-04-04,2024-04-25,22640.05,22669.0,22420.05,22612.25,9809350,14.507836799325831
NIFTY,2024-04-04,2024-05-30,22780.0,22805.0,22568.1,22755.3,929700,14.457460524928866
NIFTY,2024-04-04,2024-06-27,22900.0,22937.0,22710.0,22890.6,177950,14.422726887554413
NIFTY,2024-04-05,2024-06-27,22850.05,22880.0,22782.0,22860.65,185600,13.76945556953978
NIFTY,2024-04-05,2024-05-30,22710.0,22750.0,22650.0,22728.2,951500,13.797841718409556
NIFTY,2024-04-05,2024-04-25,22570.0,22618.0,22505.1,22595.5,9685800,13.818174260210602
NIFTY,2024-04-08,2024-04-25,22653.0,22773.3,22625.1,22748.5,10465700,13.74456733760783
NIFTY,2024-04-08,2024-05-30,22752.35,22900.0,22752.35,22879.85,1224800,13.108734011030357
NIFTY,2024-04-08,2024-06-27,22874.15,23025.0,22874.15,23003.15,237500,13.037733006920767
NIFTY,2024-04-09,2024-04-25,22820.0,22845.0,22702.15,22735.35,11419350,13.294239283213994
NIFTY,2024-04-09,2024-05-30,22935.0,22977.3,22842.1,22870.1,1311300,13.227673749461621
NIFTY,2024-04-09,2024-06-27,23093.95,23097.2,22972.35,23001.05,254300,13.052633731180702
NIFTY,2024-04-10,2024-04-25,22785.9,22829.0,22753.0,22812.4,11433350,13.272076080788672
NIFTY,2024-04-10,2024-05-30,22898.45,22959.9,22888.05,22944.0,1365150,13.19651904523352
NIFTY,2024-04-10,2024-06-27,23030.25,23078.6,23013.6,23067.55,323900,13.146937415809326
NIFTY,2024-04-12,2024-06-27,22977.05,23027.4,22876.0,22884.0,310400,13.380689831509123
NIFTY,2024-04-12,2024-05-30,22865.0,22904.9,22736.5,22746.3,1680350,12.802033467010093
NIFTY,2024-04-12,2024-04-25,22738.05,22767.4,22590.0,22601.45,10886200,12.814169699321324
NIFTY,2024-04-15,2024-04-25,22420.0,22517.7,22342.0,22357.3,11622900,13.057505035395444
NIFTY,2024-04-15,2024-05-30,22699.95,22699.95,22496.0,22510.9,2165200,13.072917460609373
NIFTY,2024-04-15,2024-06-27,22799.95,22799.95,22632.25,22648.65,351300,12.611957761410073
NIFTY,2024-04-16,2024-04-25,22176.55,22249.8,22113.85,22200.75,11034550,12.834780375953375
NIFTY,2024-04-16,2024-05-30,22365.0,22404.95,22270.15,22356.4,2395750,12.885211668167901
NIFTY,2024-04-16,2024-06-27,22503.0,22550.0,22408.55,22481.85,426250,12.561153594599899
NIFTY,2024-04-18,2024-06-27,22520.05,22614.0,22313.7,22344.4,528900,12.677625113417697
NIFTY,2024-04-18,2024-05-30,22375.0,22493.95,22178.3,22206.1,3782500,12.628955391461252
NIFTY,2024-04-18,2024-04-25,22229.9,22342.9,22027.55,22055.2,11490050,12.589827687808244
NIFTY,2024-04-19,2024-04-25,21989.9,22168.9,21813.6,22128.7,10340100,12.08917062507237
NIFTY,2024-04-19,2024-05-30,22072.05,22313.8,21963.1,22275.45,4520650,12.103587388615054
NIFTY,2024-04-19,2024-06-27,22310.0,22425.0,22101.0,22393.65,626300,12.073103908441302
NIFTY,2024-04-22,2024-04-25,22261.25,22399.0,22186.0,22358.2,9639250,11.802540002735324
NIFTY,2024-04-22,2024-05-30,22325.0,22531.0,22325.0,22496.55,5333650,11.795806966023626
NIFTY,2024-04-22,2024-06-27,22489.95,22641.0,22442.0,22601.65,672950,11.74233453492522
NIFTY,2024-04-23,2024-05-30,22549.95,22550.0,22465.0,22485.7,7013650,11.820100797998988
NIFTY,2024-04-23,2024-06-27,22650.0,22652.0,22575.0,22593.9,729700,11.808908049710185
NIFTY,2024-04-23,2024-04-25,22448.0,22448.0,22345.0,22371.05,8797200,12.032268249413347
NIFTY,2024-04-24,2024-05-30,22535.0,22596.0,22479.05,22509.75,8788750,12.0041802693071
NIFTY,2024-04-24,2024-06-27,22550.6,22700.0,22550.6,22619.85,803400,11.96788406726797
NIFTY,2024-04-24,2024-04-25,22440.0,22488.0,22382.0,22414.7,7429650,12.097976688708501
NIFTY,2024-04-25,2024-06-27,22590.0,22811.0,22552.05,22757.0,968500,12.516291634074012
NIFTY,2024-04-25,2024-05-30,22435.2,22715.0,22435.15,22653.95,11448050,12.457232736403478
NIFTY,2024-04-25,2024-04-25,22370.0,22647.15,22317.0,22583.6,6649400,12.349327036374728
NIFTY,2024-04-26,2024-05-30,22684.0,22705.0,22530.0,22556.0,10399450,12.138940239961228
NIFTY,2024-04-26,,22791.35,22797.9,22642.85,22667.05,1006550,12.104340499760877
NIFTY,2024-04-26,,22985.0,22985.0,22772.6,22795.65,29650,12.116559370840815
NIFTY,2024-04-29,2024-05-30,22610.0,22764.8,22564.0,22750.55,10735775,11.913313187832127
NIFTY,2024-04-29,,22705.05,22853.75,22670.0,22840.65,1021975,11.838325500133244
NIFTY,2024-04-29,,22799.0,22971.0,22790.05,22961.55,61150,11.761317838566375
NIFTY,2024-04-30,,22855.0,22944.7,22802.35,22818.5,1074675,11.448171875496387
NIFTY,2024-04-30,,22999.0,23058.75,22921.0,22938.05,81925,11.381421735072314
NIFTY,2024-04-30,2024-05-30,22773.45,22850.0,22698.0,22718.3,10775525,11.632815090036155
NIFTY,2024-05-02,2024-05-30,22702.05,22808.4,22688.05,22773.95,11047500,9.996632390141794
NIFTY,2024-05-02,,22851.05,22900.0,22777.05,22873.4,1066450,9.884207167213683
NIFTY,2024-05-02,,22926.55,23025.0,22926.55,23002.6,116725,9.885788944133585
NIFTY,2024-05-03,2024-05-30,22850.0,22888.35,22470.0,22575.2,10451150,11.212730417596363
NIFTY,2024-05-03,,22940.0,22977.5,22584.95,22688.3,1112100,11.113065324458102
NIFTY,2024-05-03,,23070.0,23105.0,22721.05,22811.75,157250,10.95685069448821
NIFTY,2024-05-06,,22877.0,22924.45,22755.9,22795.55,166425,10.949454662982712
NIFTY,2024-05-06,2024-05-30,22648.7,22686.4,22510.0,22550.15,11047300,11.328116243702887
NIFTY,2024-05-06,,22702.7,22790.95,22618.8,22656.6,1167925,11.30747583652201
NIFTY,2024-05-07,,22640.0,22697.15,22425.0,22494.05,1390950,11.507635339087175
NIFTY,2024-05-07,,22803.55,22814.2,22571.8,22632.55,190150,11.506256812753819
NIFTY,2024-05-07,2024-05-30,22545.0,22590.95,22312.6,22381.8,10622675,11.877071649080804
NIFTY,2024-05-08,2024-05-30,22344.0,22490.0,22286.15,22393.85,10746375,11.79000301231799
NIFTY,2024-05-08,,22480.0,22599.0,22399.05,22504.7,1746875,11.795078315902806
NIFTY,2024-05-08,,22639.2,22729.0,22545.0,22640.1,202425,11.548824385748594
NIFTY,2024-05-09,2024-05-30,22342.0,22388.0,22051.35,22075.8,12256875,13.546510017695827
NIFTY,2024-05-09,,22507.0,22507.05,22161.05,22189.4,2599475,13.5557010715709
NIFTY,2024-05-09,,22640.0,22640.0,22307.8,22331.05,260200,13.456707957756745
NIFTY,2024-05-10,,22338.45,22479.95,22315.0,22390.9,264425,12.680164722722159
NIFTY,2024-05-10,2024-05-30,22100.2,22230.0,22050.85,22140.6,11804625,13.005640789889558
NIFTY,2024-05-10,,22235.0,22342.0,22170.35,22252.85,2873925,13.0914985533544
NIFTY,2024-05-13,,22375.0,22469.5,22160.0,22445.7,278450,13.352478650998561
NIFTY,2024-05-13,,22229.0,22339.0,22015.2,22311.9,3412325,13.36724274198774
NIFTY,2024-05-13,2024-05-30,22100.0,22225.0,21900.0,22201.1,11724000,13.296314416200715
NIFTY,2024-05-14,2024-05-30,22214.0,22364.55,22160.0,22308.7,10830875,13.392610422279533
NIFTY,2024-05-14,,22325.0,22469.9,22267.0,22418.55,4053275,13.424120712846573
NIFTY,2024-05-14,,22470.35,22596.9,22419.0,22549.2,280875,13.445344696412434
NIFTY,2024-05-15,,22569.95,22610.0,22462.95,22529.05,280525,13.33863402812921
NIFTY,2024-05-15,2024-05-30,22342.35,22375.45,22211.0,22287.05,10398075,13.554871883768168
NIFTY,2024-05-15,,22438.3,22485.0,22325.15,22390.35,4335225,13.391148615466179
NIFTY,2024-05-16,,22420.25,22590.3,22267.9,22552.65,4845775,13.552704436534716
NIFTY,2024-05-16,,22584.8,22716.6,22412.0,22683.45,288775,13.601763365414863
NIFTY,2024-05-16,2024-05-30,22384.1,22485.0,22154.05,22452.35,10119150,13.779043855343367
NIFTY,2024-05-17,,22583.0,22644.0,22512.5,22602.45,5188500,12.856059590837205
NIFTY,2024-05-17,,22679.95,22765.0,22645.0,22722.9,303875,12.867039303822747
NIFTY,2024-05-17,2024-05-30,22481.2,22546.0,22407.7,22497.7,9887375,13.079043624128007
NIFTY,2024-05-18,2024-05-30,22530.25,22549.7,22502.1,22543.9,9854050,13.098393616606963
NIFTY,2024-05-18,,22639.65,22653.95,22609.5,22645.55,5209925,12.786026423759825
NIFTY,2024-05-18,,22712.85,22774.95,22645.05,22768.5,304925,12.809562481572595
NIFTY,2024-05-21,2024-05-30,22510.25,22677.0,22510.2,22605.9,9859025,12.807912770201535
NIFTY,2024-05-21,,22637.65,22775.45,22613.4,22705.4,5404125,12.746880457534582
NIFTY,2024-05-21,,22774.0,22892.0,22745.0,22828.05,324700,12.376133064004067
NIFTY,2024-05-22,2024-05-30,22625.0,22683.0,22548.8,22657.95,9738225,12.599145564269168
NIFTY,2024-05-22,,22693.8,22777.0,22646.15,22754.1,5683425,12.578727493300782
NIFTY,2024-05-22,,22826.15,22891.3,22775.05,22877.25,336875,12.556471520193007
NIFTY,2024-05-23,,22877.2,23201.0,22866.5,23184.8,414375,10.61139767904445
NIFTY,2024-05-23,,22762.15,23109.85,22747.85,23091.75,6056325,10.681513131174603
NIFTY,2024-05-23,2024-05-30,22650.0,23023.0,22650.0,23002.7,10240925,10.674609893597053
NIFTY,2024-05-24,2024-05-30,23000.0,23089.9,22953.0,23019.6,10754950,10.663047874965645
NIFTY,2024-05-24,,23105.0,23185.0,23045.5,23109.15,6193900,10.051045047001193
NIFTY,2024-05-24,,23120.0,23286.95,23120.0,23225.35,438025,10.049750659563749
NIFTY,2024-05-27,2024-05-30,23070.0,23177.0,22921.0,22981.5,10203575,10.382840273009828
NIFTY,2024-05-27,,23150.0,23271.25,23032.6,23100.45,6276475,10.252882508353721
NIFTY,2024-05-27,,23257.0,23374.0,23150.0,23206.6,492075,10.128687833855158
NIFTY,2024-05-28,2024-05-30,23030.0,23037.95,22915.25,22937.25,8677300,10.758839090163285
NIFTY,2024-05-28,,23114.95,23145.05,23025.65,23044.0,7851000,10.750448928982989
NIFTY,2024-05-28,,23202.35,23262.0,23141.45,23165.55,567725,10.729772643038311
NIFTY,2024-05-29,,23141.0,23141.05,22972.0,22987.15,567000,11.007637369763971
NIFTY,2024-05-29,,22969.95,22999.95,22842.2,22863.0,9320100,10.627749429843158
NIFTY,2024-05-29,2024-05-30,22845.0,22874.0,22721.75,22743.8,6942500,10.707791327499832
NIFTY,2024-05-30,2024-05-30,22679.95,22698.85,22414.15,22482.5,5681950,11.059661050251469
NIFTY,2024-05-30,,22827.65,22827.95,22567.25,22627.35,13768950,11.090895287119269
NIFTY,2024-05-30,,22925.0,22950.0,22712.4,22775.95,669550,10.821023446247516
NIFTY,2024-05-31,2024-06-27,22679.0,22789.2,22610.0,22700.7,14892000,10.711571235513558
NIFTY,2024-05-31,2024-07-25,22804.0,22924.0,22757.0,22841.7,721850,10.75149448960456
NIFTY,2024-05-31,2024-08-29,22944.9,23038.95,22884.0,22955.75,24975,10.39589841451398
NIFTY,2024-06-03,2024-08-29,23600.0,23725.0,23434.85,23684.3,95175,13.75165944557738
NIFTY,2024-06-03,2024-07-25,23396.0,23600.0,23295.0,23542.05,702250,13.900722909720029
NIFTY,2024-06-03,2024-06-27,23501.65,23844.0,23161.3,23407.9,14389975,13.98953440766528
NIFTY,2024-06-04,2024-06-27,23000.0,23169.0,21265.0,21908.15,14558300,23.411633260265237
NIFTY,2024-06-04,2024-07-25,23539.95,23539.95,21410.45,22063.0,956925,23.477135318926788
NIFTY,2024-06-04,2024-08-29,23666.65,23666.65,21578.4,22196.5,193625,23.492897699779686
NIFTY,2024-06-05,2024-06-27,21866.25,22710.0,21824.1,22642.9,12913025,24.1659960252671
NIFTY,2024-06-05,2024-07-25,22133.0,22845.0,21970.05,22783.3,930375,24.201838190099462
NIFTY,2024-06-05,2024-08-29,22449.95,22974.95,22120.05,22915.75,210850,24.209686501208108
NIFTY,2024-06-06,2024-07-25,22850.0,23105.0,22830.0,23033.1,988800,23.931777798842578
NIFTY,2024-06-06,2024-08-29,22999.0,23241.8,22962.65,23164.25,235650,23.959424011916592
NIFTY,2024-06-06,2024-06-27,22730.05,22974.0,22692.05,22899.5,13448750,24.170905522159806
NIFTY,2024-06-07,2024-07-25,23017.4,23458.0,22980.4,23444.6,1105975,25.140076531365413
NIFTY,2024-06-07,2024-08-29,23169.85,23570.0,23112.45,23548.3,334950,25.146365691387967
NIFTY,2024-06-07,2024-06-27,22900.5,23341.5,22852.1,23325.15,13112825,25.2830207609417
NIFTY,2024-06-10,2024-07-25,23500.0,23530.0,23351.6,23382.85,1182725,25.081703219469624
NIFTY,2024-06-10,2024-08-29,23500.35,23642.2,23471.0,23490.3,353725,25.073263308280108
NIFTY,2024-06-10,2024-06-27,23301.0,23410.0,23223.0,23247.15,12253500,25.244139192238784
NIFTY,2024-06-11,2024-07-25,23387.9,23568.0,23350.55,23439.65,1274100,25.094635688314593
NIFTY,2024-06-11,2024-08-29,23500.95,23677.85,23470.0,23558.05,376725,25.10013782840263
NIFTY,2024-06-11,2024-06-27,23253.65,23447.0,23220.2,23309.8,12274125,25.276183179013135
NIFTY,2024-06-12,2024-08-29,23550.0,23706.95,23550.0,23600.85,410200,25.395551794487332
NIFTY,2024-06-12,2024-07-25,23440.05,23600.95,23437.2,23476.95,1785200,25.39227884446546
NIFTY,2024-06-12,2024-06-27,23321.65,23474.0,23303.3,23355.1,12369750,25.391779945764604
NIFTY,2024-06-13,2024-06-27,23461.05,23482.0,23371.35,23399.25,12016200,25.114029377174283
NIFTY,2024-06-13,2024-07-25,23510.2,23594.8,23495.15,23521.4,1978650,25.0954306888909
NIFTY,2024-06-13,2024-08-29,23694.0,23700.05,23620.0,23641.05,444850,25.072682065250206
NIFTY,2024-06-14,2024-06-27,23421.7,23489.85,23350.8,23466.65,12093850,25.166229557081188
NIFTY,2024-06-14,2024-07-25,23585.0,23609.0,23480.4,23588.55,2317875,25.15046636851687
NIFTY,2024-06-14,2024-08-29,23630.25,23724.5,23600.2,23710.55,476575,25.152866642741266
NIFTY,2024-06-18,2024-06-27,23511.15,23610.0,23511.15,23568.1,12311450,23.495562252799925
NIFTY,2024-06-18,2024-07-25,23620.0,23728.95,23620.0,23688.55,2384475,23.471796162365877
NIFTY,2024-06-18,2024-08-29,23770.0,23838.75,23751.75,23807.9,512125,23.439008380351456
NIFTY,2024-06-19,2024-08-29,23850.0,23899.85,23680.0,23750.85,541300,13.226577902355304
NIFTY,2024-06-19,2024-07-25,23704.7,23788.0,23550.35,23624.6,2528550,13.359853573917205
NIFTY,2024-06-19,2024-06-27,23611.25,23669.75,23432.65,23503.6,12276400,13.4803421747412
NIFTY,2024-06-20,2024-06-27,23526.0,23629.8,23445.9,23582.5,12319175,12.34501082679604
NIFTY,2024-06-20,2024-07-25,23654.6,23738.95,23567.0,23700.3,2831075,12.309045332974774
NIFTY,2024-06-20,2024-08-29,23750.9,23858.0,23700.0,23820.1,564475,12.28705766050103
NIFTY,2024-06-21,2024-06-27,23625.0,23633.15,23415.2,23487.3,11693450,12.999187061513606
NIFTY,2024-06-21,2024-07-25,23710.1,23743.65,23550.0,23612.3,3038350,12.987170221124414
NIFTY,2024-06-21,2024-08-29,23831.0,23860.0,23679.55,23746.0,576300,12.540417226305948
NIFTY,2024-06-24,2024-06-27,23375.0,23565.35,23335.0,23543.2,10216175,10.876871733914001
NIFTY,2024-06-24,2024-07-25,23511.2,23694.0,23470.0,23669.8,4760075,10.912805448912811
NIFTY,2024-06-24,2024-08-29,23690.0,23810.0,23606.05,23790.8,611775,10.604124387822296
NIFTY,2024-06-25,2024-08-29,23810.0,23956.6,23802.6,23944.05,707825,10.724101704756137
NIFTY,2024-06-25,2024-07-25,23743.95,23848.65,23692.1,23831.65,6805950,10.777237906601446
NIFTY,2024-06-25,2024-06-27,23568.05,23746.1,23550.55,23731.25,8921625,10.379524895471649
NIFTY,2024-06-26,2024-06-27,23731.25,23906.8,23676.0,23867.95,6613600,10.244571358368901
NIFTY,2024-06-26,2024-07-25,23826.35,24000.0,23780.8,23972.5,9590650,10.221194669843642
NIFTY,2024-06-26,2024-08-29,23949.95,24100.0,23896.0,24074.8,839625,9.70685646050207
NIFTY,2024-06-27,2024-06-27,23812.05,24061.75,23792.6,24038.05,4717475,9.109120452604277
NIFTY,2024-06-27,2024-07-25,23953.6,24121.1,23899.85,24095.85,13928225,8.948658201393025
NIFTY,2024-06-27,2024-08-29,24025.0,24218.1,24013.0,24194.3,1214625,8.804279818954926
NIFTY,2024-06-28,2024-07-25,24151.0,24240.0,24102.1,24132.25,14158500,8.868035063714617
NIFTY,2024-06-28,2024-08-29,24218.1,24336.85,24210.5,24236.0,1270650,8.834296190001462
NIFTY,2024-06-28,2024-09-26,24349.9,24461.75,24338.0,24360.55,61425,8.836400253731393
NIFTY,2024-07-01,2024-09-26,24389.15,24446.9,24314.0,24433.8,88000,8.484982658263881
NIFTY,2024-07-01,2024-08-29,24211.05,24328.35,24190.0,24311.1,1319300,8.599745193863157
NIFTY,2024-07-01,2024-07-25,24125.0,24225.2,24082.0,24206.25,14590225,8.641124164556054
NIFTY,2024-07-02,2024-07-25,24241.0,24280.0,24122.0,24203.15,14603925,8.409169462019427
NIFTY,2024-07-02,2024-08-29,24336.8,24400.0,24237.0,24319.05,1346250,8.395663057401189
NIFTY,2024-07-02,2024-09-26,24449.95,24509.8,24361.0,24433.25,104100,8.381535209400285
NIFTY,2024-07-03,2024-07-25,24301.0,24376.4,24276.25,24350.4,14480350,8.420167897366706
NIFTY,2024-07-03,2024-08-29,24412.0,24485.0,24374.2,24462.5,1353525,8.279124177347082
NIFTY,2024-07-03,2024-09-26,24509.8,24601.0,24466.7,24579.3,135750,8.120327139246127
NIFTY,2024-07-04,2024-07-25,24422.2,24454.9,24335.0,24359.45,14542525,8.642504088409215
NIFTY,2024-07-04,2024-08-29,24502.2,24565.0,24455.0,24471.0,1359575,8.627023225005757
NIFTY,2024-07-04,2024-09-26,24601.0,24680.0,24570.05,24589.25,166500,8.618353897215348
NIFTY,2024-07-05,2024-09-26,24589.25,24651.25,24487.0,24624.45,175700,7.343652496941446
NIFTY,2024-07-05,2024-08-29,24415.0,24530.0,24365.4,24497.25,1387175,7.5074470705397465
NIFTY,2024-07-05,2024-07-25,24306.9,24419.2,24240.0,24379.4,14171325,7.584354535228573
NIFTY,2024-07-08,2024-09-26,24630.0,24640.0,24534.1,24620.85,188450,7.47482138425654
NIFTY,2024-07-08,2024-07-25,24379.4,24399.0,24286.5,24375.6,14239275,8.081423695452242
NIFTY,2024-07-08,2024-08-29,24475.05,24515.35,24412.6,24493.35,1357450,8.069363419696321
NIFTY,2024-07-09,2024-09-26,24618.0,24744.0,24618.0,24724.9,202225,8.290600232497734
NIFTY,2024-07-09,2024-07-25,24342.0,24510.45,24306.25,24485.65,14473150,8.70757792667251
NIFTY,2024-07-09,2024-08-29,24495.95,24630.0,24489.2,24607.2,1351800,8.643721024995678
NIFTY,2024-07-10,2024-08-29,24590.0,24618.0,24341.65,24480.5,1483225,8.724038889806021
NIFTY,2024-07-10,2024-07-25,24498.95,24503.0,24212.0,24355.05,14068000,8.825067274083608
NIFTY,2024-07-10,2024-09-26,24743.75,24743.75,24480.0,24608.0,236875,9.218842269680406
NIFTY,2024-07-11,2024-08-29,24500.0,24535.0,24367.4,24513.85,1584750,9.29191579584183
NIFTY,2024-07-11,2024-09-26,24608.05,24655.0,24501.0,24633.05,259425,9.358853599481245
NIFTY,2024-07-11,2024-07-25,24385.0,24419.55,24241.0,24382.65,13634150,9.817894036155014
NIFTY,2024-07-12,2024-09-26,24654.95,24824.0,24630.0,24767.3,307900,10.751186540056803
NIFTY,2024-07-12,2024-07-25,24422.2,24593.7,24383.0,24521.6,13910350,11.141962975883448
NIFTY,2024-07-12,2024-08-29,24534.7,24705.45,24502.45,24643.0,1820075,11.135155669645787
NIFTY,2024-07-15,2024-07-25,24599.95,24639.9,24543.0,24621.7,14272525,11.1131495969739
NIFTY,2024-07-15,2024-08-29,24700.0,24752.0,24662.0,24736.3,1971100,11.065838457496968
NIFTY,2024-07-15,2024-09-26,24797.35,24875.0,24785.85,24859.4,330675,11.034822340394365
NIFTY,2024-07-16,2024-09-26,24860.0,24922.0,24842.75,24887.85,360800,11.030570113419635
NIFTY,2024-07-16,2024-08-29,24754.25,24800.0,24715.45,24757.25,2130500,11.110595278158723
NIFTY,2024-07-16,2024-07-25,24627.85,24688.0,24606.55,24644.45,14351225,11.13914745097321
NIFTY,2024-07-18,2024-08-29,24700.0,24950.0,24646.0,24924.15,2770275,11.526023286262884
NIFTY,2024-07-18,2024-09-26,24841.0,25068.0,24780.05,25044.05,400275,11.532109804383273
NIFTY,2024-07-18,2024-07-25,24565.3,24838.0,24510.0,24809.05,15053775,11.835101323766487
NIFTY,2024-07-19,2024-07-25,24761.0,24837.0,24504.0,24529.1,14118050,12.012638733883172
NIFTY,2024-07-19,2024-09-26,25067.95,25067.95,24775.0,24794.75,442850,12.340124535116418
NIFTY,2024-07-19,2024-08-29,24935.85,24950.0,24635.25,24657.2,3159475,12.387691685060618
NIFTY,2024-07-22,2024-07-25,24468.55,24607.4,24378.85,24509.1,13259600,12.506335091147601
NIFTY,2024-07-22,2024-08-29,24574.4,24722.0,24512.4,24627.7,3738100,12.492181272968182
NIFTY,2024-07-22,2024-09-26,24756.6,24849.0,24653.0,24758.95,462075,12.483951231913379
NIFTY,2024-07-23,2024-08-29,24625.0,24680.0,24184.1,24582.45,4668725,12.34967556841041
NIFTY,2024-07-23,2024-09-26,24775.0,24809.95,24330.5,24719.65,523925,12.081434957859788
NIFTY,2024-07-23,2024-07-25,24551.9,24561.0,24066.0,24463.1,11628100,12.406939067989493
NIFTY,2024-07-24,2024-09-26,24670.0,24730.0,24525.0,24631.55,554700,12.258143553595124
NIFTY,2024-07-24,2024-08-29,24557.95,24600.0,24385.0,24492.2,8403600,12.038602714471043
NIFTY,2024-07-24,2024-07-25,24418.0,24489.0,24281.55,24388.75,9326225,12.006287247757564
NIFTY,2024-07-25,2024-07-25,24220.0,24425.3,24198.0,24405.25,5990300,11.918959896772801
NIFTY,2024-07-25,2024-08-29,24368.0,24480.0,24308.7,24455.4,13021850,11.836019949262415
NIFTY,2024-07-25,2024-09-26,24525.0,24601.0,24450.0,24580.85,753650,11.535786675603168
NIFTY,2024-07-26,2024-09-26,24589.95,25044.0,24568.15,25022.65,930950,12.591259039094755
NIFTY,2024-07-26,2024-08-29,24475.0,24939.9,24415.0,24915.45,14264000,12.608523857715175
NIFTY,2024-07-26,2024-10-31,24700.0,25166.15,24680.3,25146.0,82075,12.448238592052146
NIFTY,2024-07-29,2024-09-26,25099.55,25180.0,24957.0,25024.7,933300,11.74361699107421
NIFTY,2024-07-29,2024-10-31,25182.5,25313.45,25088.4,25158.2,111775,11.409462719878077
NIFTY,2024-07-29,2024-08-29,24999.0,25075.0,24833.95,24910.45,14328600,11.751633135474652
NIFTY,2024-07-30,2024-08-29,24870.0,25016.05,24850.0,24929.1,14603500,11.746013514389182
NIFTY,2024-07-30,2024-10-31,25100.0,25247.55,25100.0,25170.35,131900,11.99029525532949
NIFTY,2024-07-30,2024-09-26,25000.0,25130.0,24900.05,25051.5,977250,12.012664374250063
NIFTY,2024-07-31,2024-09-26,25055.0,25150.0,25033.0,25132.95,1019925,12.041259754320931
NIFTY,2024-07-31,2024-08-29,24933.0,25033.0,24911.0,25013.15,15403300,12.022610845220036
NIFTY,2024-07-31,2024-10-31,25180.0,25270.0,25159.95,25247.95,155700,12.2039069863877
NIFTY,2024-08-01,2024-09-26,25192.9,25239.9,25110.0,25147.6,1084175,11.859989821241331
NIFTY,2024-08-01,2024-08-29,25060.05,25132.85,24985.85,25032.25,15668000,11.863846549198662
NIFTY,2024-08-01,2024-10-31,25313.4,25359.95,25225.0,25264.05,174225,11.811339130672707
NIFTY,2024-08-02,2024-09-26,24936.0,25007.45,24801.0,24835.8,1060875,12.407314791394068
NIFTY,2024-08-02,2024-08-29,24824.95,24884.8,24670.0,24711.55,15216625,12.100389406362325
NIFTY,2024-08-02,2024-10-31,25101.0,25129.3,24930.1,24962.3,200875,12.337254820091488
NIFTY,2024-08-05,2024-10-31,24899.95,24899.95,24190.0,24352.2,258825,14.191680584582306
NIFTY,2024-08-05,2024-09-26,24729.95,24729.95,24053.25,24231.15,1210125,14.175278898863592
NIFTY,2024-08-05,2024-08-29,24550.0,24550.0,23912.5,24102.95,14664125,14.129723680801815
NIFTY,2024-08-06,2024-09-26,24372.0,24522.95,24132.4,24179.85,1285500,14.04794947364204
NIFTY,2024-08-06,2024-08-29,24230.2,24398.9,24001.0,24056.9,13443675,13.985906918877397
NIFTY,2024-08-06,2024-10-31,24499.0,24646.05,24268.2,24321.25,274975,14.093926578948285
NIFTY,2024-08-07,2024-09-26,24400.0,24521.15,24346.8,24499.25,1258150,14.113262361160169
NIFTY,2024-08-07,2024-10-31,24480.0,24642.0,24475.0,24620.5,277175,14.087789821926458
NIFTY,2024-08-07,2024-08-29,24310.2,24397.95,24208.2,24366.45,12736375,14.362629692264692
NIFTY,2024-08-08,2024-08-29,24299.0,24357.75,24111.0,24136.55,12343075,14.61851523228087
NIFTY,2024-08-08,2024-09-26,24400.0,24490.0,24250.05,24272.0,1435450,14.704988391353242
NIFTY,2024-08-08,2024-10-31,24560.0,24609.65,24375.0,24405.8,311450,14.717478284889548
NIFTY,2024-08-09,2024-10-31,24650.0,24690.0,24580.05,24653.35,298150,14.03666848636808
NIFTY,2024-08-09,2024-08-29,24350.2,24444.0,24316.4,24401.5,11709075,14.28033948785781
NIFTY,2024-08-09,2024-09-26,24550.0,24569.0,24452.95,24529.4,1311825,14.084443375363126
NIFTY,2024-08-12,2024-09-26,24460.0,24656.9,24410.0,24492.3,1366725,14.034621485229614
NIFTY,2024-08-12,2024-10-31,24765.9,24774.9,24541.0,24620.25,309500,14.030538218473302
NIFTY,2024-08-12,2024-08-29,24355.0,24530.0,24272.0,24356.8,11704100,14.081036928876964
NIFTY,2024-08-13,2024-09-26,24492.0,24527.7,24266.0,24292.2,1542400,14.084905787134186
NIFTY,2024-08-13,2024-10-31,24619.4,24649.2,24394.05,24430.5,349925,13.872503778786744
NIFTY,2024-08-13,2024-08-29,24349.95,24390.0,24125.35,24161.0,11998675,14.139262498518354
NIFTY,2024-08-14,2024-08-29,24199.95,24228.65,24122.15,24174.65,11531500,14.087656281050906
NIFTY,2024-08-14,2024-10-31,24425.0,24484.35,24394.9,24434.45,350750,14.464265440225132
NIFTY,2024-08-14,2024-09-26,24332.0,24359.45,24260.35,24307.65,1559700,14.191858314032816
NIFTY,2024-08-16,2024-10-31,24530.0,24846.0,24504.0,24828.5,364225,15.603671813649497
NIFTY,2024-08-16,2024-09-26,24424.9,24725.0,24372.3,24707.75,1511475,15.610354530410703
NIFTY,2024-08-16,2024-08-29,24322.35,24606.15,24233.0,24585.5,11295600,15.388841142143814
NIFTY,2024-08-19,2024-09-26,24725.0,24779.95,24663.4,24723.5,1568725,14.713593699246058
NIFTY,2024-08-19,2024-10-31,24887.95,24899.0,24790.0,24849.55,375725,14.712930606519482
NIFTY,2024-08-19,2024-08-29,24640.2,24661.75,24533.0,24595.75,10966725,14.70343787176943
NIFTY,2024-08-20,2024-10-31,24850.0,25007.95,24850.0,24964.2,397825,13.504621830140154
NIFTY,2024-08-20,2024-08-29,24639.95,24765.0,24624.25,24711.25,10772675,13.778453921946996
NIFTY,2024-08-20,2024-09-26,24755.15,24886.0,24750.0,24841.15,1697150,13.719570388237601
NIFTY,2024-08-21,2024-10-31,24960.05,25050.0,24942.0,25042.6,416100,13.859862805642514
NIFTY,2024-08-21,2024-08-29,24697.7,24806.85,24685.05,24798.15,10718300,14.108360260364158
NIFTY,2024-08-21,2024-09-26,24829.0,24932.0,24813.65,24922.85,1906350,13.846858633218972
NIFTY,2024-08-22,2024-10-31,25046.6,25111.0,25046.6,25087.6,443975,13.81960703915086
NIFTY,2024-08-22,2024-09-26,24950.0,24992.5,24933.7,24966.25,2185975,13.857017180627468
NIFTY,2024-08-22,2024-08-29,24849.95,24873.45,24805.2,24840.45,10556000,13.580494272490357
NIFTY,2024-08-23,2024-10-31,25099.95,25128.9,25045.0,25092.35,467075,13.498684178598982
NIFTY,2024-08-23,2024-09-26,24960.25,25008.6,24918.0,24965.65,2309125,13.558350640039185
NIFTY,2024-08-23,2024-08-29,24840.4,24888.0,24790.95,24854.0,10926300,13.576784614553913
NIFTY,2024-08-26,2024-09-26,25035.2,25197.0,25003.2,25165.5,3895625,13.738833070505855
NIFTY,2024-08-26,2024-10-31,25150.0,25312.0,25130.0,25280.5,531625,13.379610014478448
NIFTY,2024-08-26,2024-08-29,24901.65,25085.3,24885.0,25043.3,9749200,13.665432695907304
NIFTY,2024-08-27,2024-08-29,25043.05,25095.0,24980.1,25017.7,8029675,13.65918840415065
NIFTY,2024-08-27,2024-09-26,25151.55,25211.95,25105.2,25133.7,5876475,13.643497182802362
NIFTY,2024-08-27,2024-10-31,25295.0,25321.0,25225.0,25249.0,584150,13.244762600198682
NIFTY,2024-08-28,2024-09-26,25125.0,25256.0,25094.25,25161.6,8751350,13.267451399921141
NIFTY,2024-08-28,2024-10-31,25700.0,25700.0,25220.0,25281.3,664550,13.24269770905689
NIFTY,2024-08-28,2024-08-29,25019.0,25145.0,24981.05,25048.35,5837675,13.106937241854947
NIFTY,2024-08-29,2024-09-26,25150.0,25290.0,25113.0,25265.2,13244550,13.279648158364532
NIFTY,2024-08-29,2024-10-31,25256.35,25401.05,25240.0,25381.95,914775,13.025466758137192
NIFTY,2024-08-29,2024-08-29,25014.95,25220.75,24984.5,25169.9,4112850,13.193728237602787
NIFTY,2024-08-30,2024-09-26,25325.0,25399.0,25281.7,25376.9,13936925,11.928697676160882
NIFTY,2024-08-30,2024-11-28,25549.7,25644.8,25530.0,25623.85,82850,12.080293420878133
NIFTY,2024-08-30,2024-10-31,25421.05,25519.85,25400.0,25498.45,1009025,12.077900539564682
NIFTY,2024-09-02,2024-09-26,25412.05,25420.0,25295.15,25340.45,14944100,12.191133156949356
NIFTY,2024-09-02,2024-11-28,25650.05,25661.0,25545.25,25586.4,106450,12.401953367015526
NIFTY,2024-09-02,2024-10-31,25519.85,25543.05,25425.95,25467.8,1070250,12.06430403726069
NIFTY,2024-09-03,2024-10-31,25425.05,25520.0,25425.05,25481.95,1089100,11.333772480848332
NIFTY,2024-09-03,2024-11-28,25586.4,25635.9,25555.95,25596.3,129775,10.902381991308815
NIFTY,2024-09-03,2024-09-26,25338.3,25398.0,25255.1,25354.55,15058375,11.253578443943757
NIFTY,2024-09-04,2024-11-28,25556.0,25556.0,25418.45,25494.6,149225,11.130036116445183
NIFTY,2024-09-04,2024-10-31,25325.0,25400.0,25298.65,25378.15,1085400,10.806147522607862
NIFTY,2024-09-04,2024-09-26,25210.15,25275.0,25142.35,25247.8,15240000,10.861406932919305
NIFTY,2024-09-05,2024-09-26,25350.0,25351.0,25225.0,25236.75,14884750,10.705254925033977
NIFTY,2024-09-05,2024-10-31,25400.0,25450.0,25361.7,25372.8,1093775,10.695862562404287
NIFTY,2024-09-05,2024-11-28,25538.0,25569.6,25487.0,25494.85,180000,10.628523289825546
NIFTY,2024-09-06,2024-09-26,25189.8,25219.0,24855.0,24906.0,14273075,12.341793433679815
NIFTY,2024-09-06,2024-11-28,25487.0,25487.05,25120.0,25163.85,257625,12.622107315308451
NIFTY,2024-09-06,2024-10-31,25340.0,25349.0,24992.55,25043.5,1165325,12.632612954284713
NIFTY,2024-09-09,2024-10-31,25047.0,25128.0,24951.05,25113.5,1146025,12.116842926151635
NIFTY,2024-09-09,2024-11-28,25120.0,25249.0,25076.25,25237.3,268150,12.129184256508145
NIFTY,2024-09-09,2024-09-26,24865.35,25000.8,24816.0,24985.0,13714275,12.171589875373225
NIFTY,2024-09-10,2024-09-26,25034.0,25174.0,24919.5,25083.0,13288750,12.221501716589058
NIFTY,2024-09-10,2024-11-28,25296.95,25420.0,25179.7,25336.8,268800,12.497852683716202
NIFTY,2024-09-10,2024-10-31,25150.0,25297.8,25054.25,25212.45,1137225,12.5176660194671
NIFTY,2024-09-11,2024-09-26,25063.0,25145.0,24908.45,24938.45,13313500,12.873676333378583
NIFTY,2024-09-11,2024-11-28,25310.05,25387.95,25170.0,25191.45,292900,13.148096128899692
NIFTY,2024-09-11,2024-10-31,25200.0,25267.3,25042.75,25069.55,1175150,12.943677704787623
NIFTY,2024-09-12,2024-11-28,25206.65,25653.0,25206.65,25594.15,355875,14.08943532124669
NIFTY,2024-09-12,2024-09-26,25060.0,25415.95,24987.65,25356.3,14633650,14.308583385336181
NIFTY,2024-09-12,2024-10-31,25110.0,25540.0,25110.0,25481.45,1459725,14.151427973084607
NIFTY,2024-09-13,2024-11-28,25536.7,25668.95,25536.7,25615.45,349475,14.035467820276093
NIFTY,2024-09-13,2024-10-31,25460.05,25550.0,25432.0,25495.15,1557475,13.818685023954808
NIFTY,2024-09-13,2024-09-26,25400.0,25433.0,25300.0,25372.6,14401100,13.816099779672427
NIFTY,2024-09-16,2024-11-28,25646.75,25723.5,25615.0,25682.65,376325,14.14044294994952
NIFTY,2024-09-16,2024-09-26,25398.0,25487.85,25367.0,25442.75,13980850,14.138771261292
NIFTY,2024-09-16,2024-10-31,25495.2,25607.0,25495.2,25565.2,1617725,14.143448438689681
NIFTY,2024-09-17,2024-10-31,25565.2,25595.0,25511.9,25571.65,1740425,14.142994942525705
NIFTY,2024-09-17,2024-09-26,25455.0,25479.0,25385.0,25449.8,13710425,14.150957750127477
NIFTY,2024-09-17,2024-11-28,25672.8,25708.0,25627.0,25685.55,384775,14.122252190277596
NIFTY,2024-09-18,2024-10-31,25564.7,25631.95,25428.0,25519.8,1853700,14.176373379519628
NIFTY,2024-09-18,2024-09-26,25444.9,25519.2,25301.1,25396.1,13240225,14.184552927166472
NIFTY,2024-09-18,2024-11-28,25675.0,25739.0,25545.0,25634.4,388875,14.345468734540573
NIFTY,2024-09-19,2024-10-31,25598.0,25754.0,25542.95,25611.75,2232550,14.34870796243761
NIFTY,2024-09-19,2024-09-26,25480.2,25640.0,25420.0,25489.1,13029375,14.352442145165645
NIFTY,2024-09-19,2024-11-28,25700.05,25858.95,25652.6,25722.4,432825,14.52798211738183
NIFTY,2024-09-20,2024-09-26,25552.2,25798.8,25447.0,25767.75,13765225,12.717361712932185
NIFTY,2024-09-20,2024-11-28,25775.0,26010.0,25687.3,25984.5,580750,12.60746562065395
NIFTY,2024-09-20,2024-10-31,25650.0,25921.15,25572.4,25887.4,3619325,12.568640961779847
NIFTY,2024-09-23,2024-09-26,25850.2,25954.1,25850.2,25917.85,11406150,12.55881984462607
NIFTY,2024-09-23,2024-11-28,25999.0,26170.0,25999.0,26143.95,669025,12.7071041729729
NIFTY,2024-09-23,2024-10-31,25900.0,26075.0,25900.0,26043.85,6232400,12.355342537028104
NIFTY,2024-09-24,2024-09-26,25901.05,26000.0,25899.85,25944.7,8977325,12.42187552269393
NIFTY,2024-09-24,2024-11-28,26132.05,26224.95,26112.3,26179.8,741200,12.35923528415393
NIFTY,2024-09-24,2024-10-31,26055.9,26130.0,26025.5,26081.35,9371550,12.314996952258392
NIFTY,2024-09-25,2024-10-31,26065.05,26155.0,26005.65,26126.7,11447425,11.77536452827793
NIFTY,2024-09-25,2024-09-26,25944.85,26027.95,25878.1,25998.2,6735350,11.63163338218717
NIFTY,2024-09-25,2024-11-28,26171.0,26255.75,26130.0,26232.0,837475,11.710860245137479
NIFTY,2024-09-26,2024-09-26,26024.05,26260.1,26016.5,26226.5,4633000,10.171199171464405
NIFTY,2024-09-26,2024-11-28,26246.15,26432.95,26245.15,26402.35,1146050,9.838497859240473
NIFTY,2024-09-26,2024-10-31,26105.5,26336.45,26105.5,26308.85,16045125,9.877990255083445
NIFTY,2024-09-27,2024-11-28,26399.0,26499.0,26399.0,26459.15,1178650,9.895529904155707
NIFTY,2024-09-27,2024-10-31,26308.8,26402.9,26304.1,26345.15,16284375,9.876409495676777
NIFTY,2024-09-27,2024-12-26,26599.85,26620.65,26500.0,26564.1,116425,9.924871072575417
NIFTY,2024-09-30,2024-11-28,26399.0,26401.4,26086.0,26123.8,1102750,10.712330944493944
NIFTY,2024-09-30,2024-12-26,26535.0,26535.0,26205.0,26242.85,179650,10.343711616525223
NIFTY,2024-09-30,2024-10-31,26280.0,26301.1,25951.25,25990.15,14902375,10.727355275720589
NIFTY,2024-10-01,2024-11-28,26101.0,26192.95,26027.2,26098.5,1107250,10.777162652336294
NIFTY,2024-10-01,2024-10-31,25990.0,26059.95,25890.0,25969.25,14503875,10.785555172657213
NIFTY,2024-10-01,2024-12-26,26241.85,26310.0,26156.4,26231.0,235425,10.844303986639115
NIFTY,2024-10-03,2024-11-28,25940.0,25960.0,25588.55,25623.5,1120700,12.723225182597828
NIFTY,2024-10-03,2024-12-26,26156.4,26156.4,25741.75,25773.95,369650,12.735455853050315
NIFTY,2024-10-03,2024-10-31,25670.1,25818.15,25440.0,25475.7,13342125,12.915572255946891
NIFTY,2024-10-04,2024-11-28,25560.05,25770.0,25280.0,25327.2,1222075,13.018281106855367
NIFTY,2024-10-04,2024-10-31,25400.0,25631.0,25129.65,25173.85,13793250,13.060977015133126
NIFTY,2024-10-04,2024-12-26,25741.75,25909.9,25438.3,25478.6,428025,13.274590033723783
NIFTY,2024-10-07,2024-12-26,25560.15,25599.0,25192.5,25281.05,459000,13.432703527891048
NIFTY,2024-10-07,2024-10-31,25260.2,25299.0,24886.5,24985.55,13832575,13.523776963611885
NIFTY,2024-10-07,2024-11-28,25350.0,25449.05,25033.05,25126.85,1334250,13.648327982823089
NIFTY,2024-10-08,2024-10-31,24983.95,25200.0,24928.6,25131.65,14034225,13.637925927234098
NIFTY,2024-10-08,2024-12-26,25232.95,25481.0,25230.0,25424.45,468800,13.843917505826608
NIFTY,2024-10-08,2024-11-28,25140.2,25335.0,25080.0,25273.95,1401050,13.895610005705866
NIFTY,2024-10-09,2024-12-26,25473.15,25639.85,25349.5,25387.5,488575,13.956055230105582
NIFTY,2024-10-09,2024-11-28,25308.0,25490.0,25190.55,25230.4,1485450,13.728517897095822
NIFTY,2024-10-09,2024-10-31,25185.05,25357.0,25050.0,25083.9,13848275,13.774480954140584
NIFTY,2024-10-10,2024-10-31,25180.2,25269.05,25100.0,25117.9,14011025,13.767669455182324
NIFTY,2024-10-10,2024-11-28,25362.0,25406.0,25250.0,25266.3,1564725,13.875871160078376
NIFTY,2024-10-10,2024-12-26,25463.8,25557.8,25402.0,25422.05,513075,13.723759245538162
NIFTY,2024-10-11,2024-11-28,25298.65,25298.65,25152.0,25189.3,1562800,13.921985375771806
NIFTY,2024-10-11,2024-10-31,25115.0,25150.0,25001.1,25049.55,13816650,13.761248894462637
NIFTY,2024-10-11,2024-12-26,25402.05,25443.15,25303.0,25338.6,502300,14.271976792516346
NIFTY,2024-10-14,2024-11-28,25235.0,25400.0,25224.75,25363.45,1538175,14.137705830169004
NIFTY,2024-10-14,2024-10-31,25060.0,25259.5,25060.0,25221.5,13494750,14.165869685901692
NIFTY,2024-10-14,2024-12-26,25389.05,25543.25,25389.0,25507.7,490250,14.372831279790521
NIFTY,2024-10-15,2024-12-26,25543.2,25574.7,25370.0,25420.75,515050,13.646057838588268
NIFTY,2024-10-15,2024-11-28,25401.05,25422.65,25215.2,25265.55,1594925,13.62725087545948
NIFTY,2024-10-15,2024-10-31,25259.0,25287.95,25064.4,25118.35,13604750,13.467158611261567
NIFTY,2024-10-16,2024-12-26,25370.0,25470.0,25266.85,25339.9,508675,13.690960059829873
NIFTY,2024-10-16,2024-11-28,25233.65,25320.0,25116.55,25196.0,1629125,13.711031926573112
NIFTY,2024-10-16,2024-10-31,25060.0,25182.8,24969.15,25048.8,13720100,13.368226313130144
NIFTY,2024-10-17,2024-12-26,25339.95,25372.0,25107.9,25137.3,543725,11.751090177216954
NIFTY,2024-10-17,2024-10-31,25068.7,25074.9,24815.1,24843.8,13530700,12.007523513203418
NIFTY,2024-10-17,2024-11-28,25200.05,25223.1,24956.6,24985.05,1729375,11.75076641056514
NIFTY,2024-10-18,2024-12-26,25088.0,25280.95,24942.0,25240.05,553250,12.048523146773734
NIFTY,2024-10-18,2024-11-28,24916.0,25136.1,24788.0,25089.55,1804300,12.044591904193378
NIFTY,2024-10-18,2024-10-31,24749.8,24996.75,24640.2,24949.15,13252475,11.57119189649802
NIFTY,2024-10-21,2024-12-26,25255.05,25310.95,25020.0,25084.6,565575,11.500897556341188
NIFTY,2024-10-21,2024-10-31,24975.0,25030.0,24722.0,24788.8,12901075,11.509890129882335
NIFTY,2024-10-21,2024-11-28,25129.5,25163.95,24865.6,24924.7,1868575,11.502301476346615
NIFTY,2024-10-22,2024-11-28,24921.0,25070.0,24644.55,24673.15,1958800,11.849413854527176
NIFTY,2024-10-22,2024-12-26,25071.15,25219.0,24804.95,24831.85,604675,11.471600110118715
NIFTY,2024-10-22,2024-10-31,24789.7,24939.0,24507.1,24538.3,13117600,11.82435115766005
NIFTY,2024-10-23,2024-11-28,24650.0,24811.7,24593.0,24619.55,2163925,11.781907598352346
NIFTY,2024-10-23,2024-10-31,24471.0,24676.05,24455.05,24482.65,12892425,11.759264693930003
NIFTY,2024-10-23,2024-12-26,24804.95,24959.9,24751.1,24773.55,631000,12.235685819703507
NIFTY,2024-10-24,2024-12-26,24799.05,24825.0,24680.8,24751.5,653600,12.225214906001092
NIFTY,2024-10-24,2024-11-28,24699.95,24699.95,24529.05,24593.9,2399825,12.187108279320121
NIFTY,2024-10-24,2024-10-31,24490.1,24538.95,24388.5,24452.0,12805675,12.078864210900985
NIFTY,2024-10-25,2024-11-28,24593.95,24602.8,24211.35,24333.3,2589000,11.897777396398517
NIFTY,2024-10-25,2024-12-26,24751.5,24761.05,24369.75,24489.8,745700,12.016764972560136
NIFTY,2024-10-25,2024-10-31,24400.0,24457.6,24068.0,24192.75,11990700,11.874790116049413
NIFTY,2024-10-28,2024-12-26,24500.0,24774.5,24450.55,24640.0,740350,13.203973857781687
NIFTY,2024-10-28,2024-10-31,24258.3,24492.0,24161.5,24348.45,10147750,13.515464808889572
NIFTY,2024-10-28,2024-11-28,24400.0,24630.75,24297.5,24482.05,3694450,13.146695753444387
NIFTY,2024-10-29,2024-12-26,24670.05,24778.8,24460.0,24761.25,799925,13.635468981027838
NIFTY,2024-10-29,2024-10-31,24368.8,24501.3,24164.0,24477.7,8352250,13.90031172662782
NIFTY,2024-10-29,2024-11-28,24502.05,24634.35,24301.65,24612.3,5643625,13.947385084696498
NIFTY,2024-10-30,2024-10-31,24427.95,24520.0,24314.95,24371.05,6080175,13.893867434070856
NIFTY,2024-10-30,2024-12-26,24715.0,24800.0,24607.0,24653.9,908200,14.313164030795738
NIFTY,2024-10-30,2024-11-28,24595.0,24660.0,24458.75,24506.5,7817475,14.317493785127578
NIFTY,2024-10-31,2024-10-31,24324.95,24335.0,24183.5,24203.3,4318600,14.648111366797403
NIFTY,2024-10-31,2024-11-28,24472.75,24479.95,24322.0,24388.3,10566025,14.51942238751134
NIFTY,2024-10-31,2024-12-26,24605.05,24635.65,24481.15,24543.05,1031350,14.545382102886572
NIFTY,2024-11-01,2024-12-26,24540.0,24559.3,24505.0,24525.05,1055250,14.183193682955936
NIFTY,2024-11-01,2025-01-30,24406.65,24680.0,24406.65,24651.6,30250,14.205810334658564
NIFTY,2024-11-01,2024-11-28,24419.95,24419.95,24326.25,24383.65,10605825,14.448786565075219
NIFTY,2024-11-04,2024-11-28,24379.8,24379.8,23900.2,24114.65,11149425,14.62621190844811
NIFTY,2024-11-04,2025-01-30,24649.95,24649.95,24190.55,24399.85,127825,14.751452441585608
NIFTY,2024-11-04,2024-12-26,24524.95,24524.95,24051.0,24263.4,1156025,14.711281934329953
NIFTY,2024-11-05,2024-12-26,24285.0,24460.0,24131.05,24439.85,1200575,14.624352897785755
NIFTY,2024-11-05,2025-01-30,24302.85,24600.0,24276.05,24582.05,172000,14.600954759449067
NIFTY,2024-11-05,2024-11-28,24074.5,24320.0,23980.25,24295.45,11172925,14.589873590173774
NIFTY,2024-11-06,2024-12-26,24439.85,24811.5,24439.85,24734.9,1257375,15.506624133254023
NIFTY,2024-11-06,2025-01-30,24490.15,24955.0,24490.15,24882.8,250125,15.49466793405444
NIFTY,2024-11-06,2024-11-28,24367.0,24665.0,24265.55,24587.1,11105675,15.52015161811456
NIFTY,2024-11-07,2025-01-30,24890.0,24890.0,24590.0,24608.5,315350,15.521792291206104
NIFTY,2024-11-07,2024-11-28,24549.0,24567.45,24280.2,24300.5,11442325,15.835051401897045
NIFTY,2024-11-07,2024-12-26,24745.0,24745.0,24435.0,24451.2,1383125,15.859227842426652
NIFTY,2024-11-08,2024-12-26,24437.95,24533.0,24315.0,24374.7,1385000,15.820720818207876
NIFTY,2024-11-08,2025-01-30,24589.95,24685.0,24462.2,24532.3,338000,15.821912530088955
NIFTY,2024-11-08,2024-11-28,24334.0,24415.0,24155.45,24219.85,11303025,15.863606115200692
NIFTY,2024-11-11,2024-11-28,24150.0,24434.0,24092.6,24226.3,11261950,14.875183435638137
NIFTY,2024-11-11,2024-12-26,24338.0,24579.0,24250.0,24378.6,1396325,14.602448435208402
NIFTY,2024-11-11,2025-01-30,24502.0,24727.0,24402.9,24533.4,338725,14.63231052184246
NIFTY,2024-11-12,2024-11-28,24266.85,24315.0,23921.5,23959.6,11685000,15.732188588087247
NIFTY,2024-11-12,2024-12-26,24417.0,24470.95,24075.2,24114.35,1408125,15.558508374446056
NIFTY,2024-11-12,2025-01-30,24588.95,24615.0,24228.65,24272.75,369600,15.597106192954941
NIFTY,2024-11-13,2025-01-30,24200.0,24243.25,23920.0,23964.95,408975,15.769017695593462
NIFTY,2024-11-13,2024-12-26,24080.0,24090.0,23756.3,23805.55,1541675,15.434083693218065
NIFTY,2024-11-13,2024-11-28,23889.0,23945.0,23605.0,23658.55,12011200,15.439555607424923
NIFTY,2024-11-14,2024-12-26,23800.0,23904.9,23710.0,23745.2,1675400,15.120868908376364
NIFTY,2024-11-14,2025-01-30,23967.65,24059.55,23871.05,23907.7,442350,15.08473316462097
NIFTY,2024-11-14,2024-11-28,23649.0,23756.9,23561.5,23601.7,12259750,15.33503723658324
NIFTY,2024-11-18,2024-11-28,23599.9,23644.95,23390.05,23513.95,12129400,15.350560744846112
NIFTY,2024-11-18,2024-12-26,23745.0,23786.7,23540.15,23661.5,1819925,15.395031062510967
NIFTY,2024-11-18,2025-01-30,23904.35,23950.0,23705.0,23823.75,468225,15.296487491479876
NIFTY,2024-11-19,2025-01-30,23877.25,24144.85,23800.0,23844.85,551500,14.985776774714331
NIFTY,2024-11-19,2024-11-28,23600.2,23844.0,23485.1,23534.8,11496675,14.963069639769062
NIFTY,2024-11-19,2024-12-26,23725.0,23990.0,23636.0,23686.05,1846400,15.058826695891975
NIFTY,2024-11-21,2024-11-28,23460.95,23507.15,23277.0,23348.7,11233175,15.34997472460646
NIFTY,2024-11-21,2025-01-30,23800.0,23806.45,23601.0,23662.05,623850,15.814973239634805
NIFTY,2024-11-21,2024-12-26,23686.05,23686.05,23433.45,23501.95,2199575,15.596469932803956
NIFTY,2024-11-22,2025-01-30,23725.0,24248.9,23700.0,24189.95,622875,17.05830511795724
NIFTY,2024-11-22,2024-12-26,23575.0,24095.0,23529.95,24022.9,2347125,17.029522313785407
NIFTY,2024-11-22,2024-11-28,23424.75,23959.7,23381.2,23886.55,10009675,16.781678646838465
NIFTY,2024-11-25,2024-11-28,24268.0,24365.0,24120.0,24273.5,9327400,17.495828239174795
NIFTY,2024-11-25,2024-12-26,24354.55,24500.0,24265.0,24421.55,3238200,17.20490260800039
NIFTY,2024-11-25,2025-01-30,24499.0,24656.5,24426.0,24568.3,722125,17.19917936404819
NIFTY,2024-11-26,2024-11-28,24349.0,24349.0,24132.0,24217.1,7996775,17.685465979273268
NIFTY,2024-11-26,2024-12-26,24406.0,24480.05,24275.0,24356.9,4271150,17.66404724214626
NIFTY,2024-11-26,2025-01-30,24577.0,24628.1,24440.0,24520.35,802250,17.35934468237196
NIFTY,2024-11-27,2024-12-26,24349.9,24524.0,24297.85,24437.55,7013300,17.395112729715663
NIFTY,2024-11-27,2024-11-28,24214.9,24380.0,24157.0,24299.55,6214400,17.384901860939202
NIFTY,2024-11-27,2025-01-30,24520.0,24680.0,24462.75,24603.5,841975,17.671195215868256
NIFTY,2024-11-28,2025-01-30,24647.8,24670.6,24225.1,24283.45,1094150,16.69878615075889
NIFTY,2024-11-28,2024-12-26,24460.25,24510.0,24056.05,24115.25,11785675,16.73439041160795
NIFTY,2024-11-28,2024-11-28,24324.95,24354.0,23837.95,23903.55,3354450,16.806275054478714
NIFTY,2024-11-29,2024-12-26,24139.85,24367.95,24112.0,24304.15,11366750,17.108786192011944
NIFTY,2024-11-29,2025-02-27,24403.4,24640.0,24387.0,24596.4,46125,17.283464501770496
NIFTY,2024-11-29,2025-01-30,24225.0,24523.0,24225.0,24465.4,1074750,17.253934781170326
NIFTY,2024-12-02,2025-02-27,24606.0,24750.0,24470.55,24718.7,67050,17.445656562754618
NIFTY,2024-12-02,2025-01-30,24400.0,24631.0,24330.05,24585.1,1088225,17.474604779203084
NIFTY,2024-12-02,2024-12-26,24300.0,24474.9,24168.0,24428.5,11790500,17.12968229131289
NIFTY,2024-12-03,2024-12-26,24451.05,24590.0,24390.0,24547.0,11635275,17.095710614334582
NIFTY,2024-12-03,2025-01-30,24574.0,24745.0,24510.0,24707.1,1098125,17.10187153969058
NIFTY,2024-12-03,2025-02-27,24691.0,24883.35,24691.0,24852.25,102000,17.07747679071415
NIFTY,2024-12-04,2025-02-27,24856.5,24947.8,24747.75,24862.75,125475,17.079370902371664
NIFTY,2024-12-04,2025-01-30,24710.0,24814.0,24602.0,24721.8,1158050,16.667388163286894
NIFTY,2024-12-04,2024-12-26,24549.85,24660.0,24440.0,24561.7,11551050,16.768269527640964
NIFTY,2024-12-05,2024-12-26,24597.0,24930.0,24396.0,24764.35,11174400,16.218962006614664
NIFTY,2024-12-05,2025-01-30,24680.65,25085.0,24566.95,24929.75,1182425,15.92195108567804
NIFTY,2024-12-05,2025-02-27,24880.95,25223.2,24708.9,25061.45,142875,15.741274937088894
NIFTY,2024-12-06,2025-02-27,25034.5,25130.0,25010.0,25089.6,166200,13.4853113797238
NIFTY,2024-12-06,2025-01-30,24927.35,25011.75,24866.2,24951.1,1275150,13.418283037453449
NIFTY,2024-12-06,2024-12-26,24760.0,24844.9,24700.0,24783.25,11357875,13.469133179307095
NIFTY,2024-12-09,2024-12-26,24763.95,24780.0,24651.7,24694.6,11280775,12.764675190709069
NIFTY,2024-12-09,2025-02-27,25090.0,25090.05,24970.0,25011.3,188850,13.158972538719723
NIFTY,2024-12-09,2025-01-30,24901.15,24944.45,24830.0,24865.15,1304725,13.201833283468886
NIFTY,2024-12-10,2025-02-27,25022.0,25065.05,24925.0,25005.15,210525,12.515361741263492
NIFTY,2024-12-10,2025-01-30,24870.15,24935.0,24775.0,24856.65,1348950,12.595266133887304
NIFTY,2024-12-10,2024-12-26,24709.0,24769.0,24595.25,24682.6,11231800,12.654238961409291
NIFTY,2024-12-11,2025-01-30,24865.05,24960.0,24840.95,24909.75,1397525,12.8643829501603
NIFTY,2024-12-11,2025-02-27,25013.95,25097.95,25000.0,25050.7,213825,12.7991108116278
NIFTY,2024-12-11,2024-12-26,24679.9,24798.8,24666.35,24734.9,11148225,12.914043735876257
NIFTY,2024-12-12,2025-02-27,25045.1,25081.0,24960.1,24980.7,236025,12.581290348421387
NIFTY,2024-12-12,2025-01-30,24912.55,24937.7,24807.4,24829.3,1456100,12.53646385503214
NIFTY,2024-12-12,2024-12-26,24721.95,24797.9,24628.0,24648.55,11115625,12.442000434559374
NIFTY,2024-12-13,2024-12-26,24593.9,24869.0,24231.0,24830.75,10856375,11.687841758756178
NIFTY,2024-12-13,2025-02-27,24900.75,25185.75,24580.0,25135.3,255375,11.708194158765467
NIFTY,2024-12-13,2025-01-30,24807.4,25043.1,24424.8,25006.7,1483375,11.698894599160118
NIFTY,2024-12-16,2024-12-26,24800.0,24833.0,24660.15,24738.5,10877125,11.790985838463117
NIFTY,2024-12-16,2025-01-30,24950.0,25025.0,24856.0,24921.55,1603100,11.859723124129903
NIFTY,2024-12-16,2025-02-27,25108.05,25150.8,25008.0,25068.45,289350,11.776566638824164
NIFTY,2024-12-17,2025-01-30,24899.85,24899.85,24575.0,24608.2,1923075,12.959908602396217
NIFTY,2024-12-17,2024-12-26,24669.65,24695.0,24380.0,24417.65,11065525,13.006510972803756
NIFTY,2024-12-17,2025-02-27,25005.05,25030.3,24729.0,24759.1,387600,13.545465215655833
NIFTY,2024-12-18,2025-02-27,24710.9,24793.05,24560.0,24592.25,443100,13.680272535199972
NIFTY,2024-12-18,2025-01-30,24580.05,24647.0,24405.0,24441.2,2174275,13.696996491223334
NIFTY,2024-12-18,2024-12-26,24369.85,24463.3,24216.25,24257.35,10948275,13.740973676095889
NIFTY,2024-12-19,2025-02-27,24370.0,24400.0,24272.85,24356.0,509100,13.565017382210092
NIFTY,2024-12-19,2025-01-30,24242.0,24244.7,24120.0,24204.45,2625675,13.485268469920017
NIFTY,2024-12-19,2024-12-26,24100.0,24100.0,23920.6,24018.8,10735200,13.487682177963716
NIFTY,2024-12-20,2024-12-26,23994.0,24097.95,23575.0,23625.65,10499150,14.142370684042696
NIFTY,2024-12-20,2025-02-27,24346.0,24425.0,23900.0,23940.5,600525,14.771401516839461
NIFTY,2024-12-20,2025-01-30,24200.0,24285.1,23750.0,23793.4,3516200,14.7538725791553
NIFTY,2024-12-23,2025-02-27,24060.0,24200.0,23980.0,24080.8,657225,15.235286420677632
NIFTY,2024-12-23,2025-01-30,23855.75,24074.5,23840.0,23941.5,4440425,14.736291366253134
NIFTY,2024-12-23,2024-12-26,23725.05,23901.8,23664.1,23769.75,9217925,14.776026885384283
NIFTY,2024-12-24,2025-01-30,23950.0,24041.5,23878.6,23929.25,7838200,14.824281709756598
NIFTY,2024-12-24,2024-12-26,23765.95,23879.85,23716.0,23770.6,5721775,14.843919094195982
NIFTY,2024-12-24,2025-02-27,24086.65,24181.9,24017.6,24073.85,787200,15.298951425822347
NIFTY,2024-12-26,2025-01-30,23985.0,24026.5,23809.5,23919.75,11162750,15.080419319373112
NIFTY,2024-12-26,2025-02-27,24105.1,24166.9,23960.2,24066.65,924900,15.100439897416965
NIFTY,2024-12-26,2024-12-26,23806.4,23869.0,23633.3,23748.7,3477450,15.140784098892206
NIFTY,2024-12-27,2025-02-27,24089.0,24259.0,24088.95,24132.6,941700,15.642127009713347
NIFTY,2024-12-27,2025-03-27,24239.9,24396.45,24239.9,24275.45,35175,15.697497470410962
NIFTY,2024-12-27,2025-01-30,23940.0,24127.95,23925.0,23992.65,11695250,15.906262395099645
NIFTY,2024-12-30,2025-03-27,24205.75,24358.0,24080.0,24116.0,77400,15.818050538520465
NIFTY,2024-12-30,2025-02-27,24086.1,24212.65,23915.25,23962.3,981900,15.38393908838498
NIFTY,2024-12-30,2025-01-30,23971.7,24079.7,23771.5,23816.7,12373500,15.405795240530201
NIFTY,2024-12-31,2025-03-27,24051.0,24151.5,23904.25,24094.0,112950,15.614399805318035
NIFTY,2024-12-31,2025-01-30,23700.0,23857.75,23602.0,23805.85,13291200,15.735088221745782
NIFTY,2024-12-31,2025-02-27,23867.25,24000.0,23750.0,23952.85,1022475,15.746712598848433
NIFTY,2025-01-01,2025-03-27,24036.05,24250.0,24004.85,24195.4,126525,15.24791696401512
NIFTY,2025-01-01,2025-01-30,23500.0,23964.0,23500.0,23897.85,13270450,15.490626304699088
NIFTY,2025-01-01,2025-02-27,23910.05,24100.0,23855.0,24039.75,1045725,14.99684032158131
NIFTY,2025-01-02,2025-02-27,24062.0,24444.0,24008.45,24410.85,1093575,15.616070414338365
NIFTY,2025-01-02,2025-03-27,24222.75,24584.95,24165.95,24554.3,197775,15.607164242859401
NIFTY,2025-01-02,2025-01-30,23911.0,24314.0,23863.1,24282.65,12424650,15.792073918803295
NIFTY,2025-01-03,2025-02-27,24370.1,24400.0,24213.0,24234.15,1084650,15.756889511005514
NIFTY,2025-01-03,2025-01-30,24240.0,24268.95,24071.4,24092.4,12608625,15.744698947560687
NIFTY,2025-01-03,2025-03-27,24525.0,24533.35,24370.0,24384.6,186750,15.962418640473352
NIFTY,2025-01-06,2025-02-27,24276.0,24286.0,23801.0,23857.35,1062075,16.509628990071715
NIFTY,2025-01-06,2025-03-27,24389.95,24440.0,23957.65,24014.6,217050,16.162333313668007
NIFTY,2025-01-06,2025-01-30,24145.1,24150.0,23660.0,23721.05,12439200,16.461450540692297
NIFTY,2025-01-07,2025-03-27,24014.0,24175.0,24013.95,24089.4,263400,16.71076507625028
NIFTY,2025-01-07,2025-01-30,23800.2,23890.0,23738.75,23795.05,12651100,17.00792007797924
NIFTY,2025-01-07,2025-02-27,23919.95,24017.45,23877.0,23934.4,1104225,16.95945780571993
NIFTY,2025-01-08,2025-02-27,23952.0,23975.7,23737.05,23922.9,1231575,16.850442741696696
NIFTY,2025-01-08,2025-03-27,24050.0,24129.0,23899.9,24081.7,295350,16.832453199524288
NIFTY,2025-01-08,2025-01-30,23800.0,23839.0,23593.3,23781.35,12927575,16.822658716638237
NIFTY,2025-01-09,2025-01-30,23759.0,23759.0,23612.9,23648.1,13641200,16.799301841038396
NIFTY,2025-01-09,2025-03-27,24051.0,24051.05,23915.65,23949.05,333300,17.124850540121685
NIFTY,2025-01-09,2025-02-27,23911.0,23911.0,23755.05,23789.3,1442700,16.791603755252368
NIFTY,2025-01-10,2025-02-27,23770.3,23822.45,23567.75,23640.15,1833600,16.175348669731324
NIFTY,2025-01-10,2025-03-27,23916.0,23974.95,23730.05,23797.55,385425,16.202763114669043
NIFTY,2025-01-10,2025-01-30,23625.05,23684.9,23430.0,23500.65,13543325,16.253375819408607
NIFTY,2025-01-13,2025-02-27,23453.05,23550.0,23250.0,23298.05,2335725,16.31732821011052
NIFTY,2025-01-13,2025-03-27,23700.0,23700.0,23410.65,23452.8,408675,16.387592622826812
NIFTY,2025-01-13,2025-01-30,23400.0,23408.3,23112.1,23162.1,13866925,16.6688375545314
NIFTY,2025-01-14,2025-02-27,23348.0,23471.2,23335.75,23399.6,2802150,16.582815942039257
NIFTY,2025-01-14,2025-03-27,23518.0,23620.0,23493.0,23562.4,411450,16.3939156878857
NIFTY,2025-01-14,2025-01-30,23248.0,23339.0,23198.45,23271.75,13753850,16.635531358757998
NIFTY,2025-01-15,2025-01-30,23302.05,23345.0,23201.0,23265.9,13536300,16.30603116697415
NIFTY,2025-01-15,2025-03-27,23574.25,23620.0,23495.0,23546.55,422400,16.40056814560339
NIFTY,2025-01-15,2025-02-27,23420.05,23479.7,23341.05,23400.65,2906625,16.36743409713664
NIFTY,2025-01-16,2025-01-30,23406.0,23423.9,23346.15,23377.55,13500850,15.622840287520315
NIFTY,2025-01-16,2025-02-27,23529.7,23550.9,23480.0,23508.65,3265050,15.612171160000068
NIFTY,2025-01-16,2025-03-27,23653.3,23690.9,23633.95,23653.5,427200,15.483635958268561
NIFTY,2025-01-17,2025-02-27,23469.85,23480.0,23290.0,23402.6,3522600,15.739088616283503
NIFTY,2025-01-17,2025-03-27,23633.0,23633.0,23441.7,23551.45,435300,15.817607472444129
NIFTY,2025-01-17,2025-01-30,23344.9,23353.8,23150.1,23267.2,14032150,15.665144376778137
NIFTY,2025-01-20,2025-03-27,23602.4,23725.0,23510.0,23687.2,462675,15.458768166153867
NIFTY,2025-01-20,2025-01-30,23339.95,23449.0,23220.0,23400.2,14133750,15.694415749434226
NIFTY,2025-01-20,2025-02-27,23457.8,23580.0,23360.0,23534.3,3653700,15.420691563880718
NIFTY,2025-01-21,2025-01-30,23424.95,23460.65,23051.65,23103.2,14572600,15.537134239788811
NIFTY,2025-01-21,2025-03-27,23740.0,23740.0,23348.0,23391.2,500025,15.682520265298406
NIFTY,2025-01-21,2025-02-27,23598.95,23598.95,23190.0,23235.9,4345575,15.658962945598404
NIFTY,2025-01-22,2025-03-27,23488.45,23495.9,23312.35,23479.8,507450,16.00628383804528
NIFTY,2025-01-22,2025-01-30,23164.0,23219.9,23020.0,23198.95,14085325,16.184805543233534
NIFTY,2025-01-22,2025-02-27,23279.95,23349.0,23150.1,23331.3,4927200,15.93967771256087
NIFTY,2025-01-23,2025-02-27,23321.05,23449.0,23264.3,23394.3,5358825,15.894259047759821
NIFTY,2025-01-23,2025-03-27,23410.0,23594.95,23409.95,23545.3,508800,15.547387706332744
NIFTY,2025-01-23,2025-01-30,23150.0,23319.85,23126.9,23263.7,13637050,15.802698689183343
NIFTY,2025-01-24,2025-02-27,23400.15,23508.95,23210.0,23246.65,5896575,15.71424897320291
NIFTY,2025-01-24,2025-03-27,23542.65,23650.0,23371.0,23403.15,525825,15.717196917463792
NIFTY,2025-01-24,2025-01-30,23275.1,23375.0,23071.45,23113.9,13209950,15.709515304580247
NIFTY,2025-01-27,2025-01-30,22972.0,23028.9,22809.0,22846.45,11804150,15.864439460091479
NIFTY,2025-01-27,2025-03-27,23250.0,23306.85,23083.0,23120.5,617925,16.150195792169043
NIFTY,2025-01-27,2025-02-27,23125.05,23150.0,22931.0,22968.4,7708275,15.860988015087383
NIFTY,2025-01-28,2025-03-27,23224.05,23421.0,23141.5,23248.1,662475,15.98084825655373
NIFTY,2025-01-28,2025-01-30,22948.0,23158.45,22871.0,22977.7,8969500,16.167711657465457
NIFTY,2025-01-28,2025-02-27,23099.95,23279.9,22986.35,23101.25,11127525,15.880779147799007
NIFTY,2025-01-29,2025-03-27,23261.15,23463.95,23253.3,23428.8,699975,16.418084232205864
NIFTY,2025-01-29,2025-01-30,23034.0,23185.5,22963.7,23148.25,6367950,16.397670359215674
NIFTY,2025-01-29,2025-02-27,23168.65,23319.9,23101.25,23279.35,13918125,16.400993210577568
NIFTY,2025-01-30,2025-03-27,23360.0,23607.4,23360.0,23568.3,812925,16.794602865157692
NIFTY,2025-01-30,2025-01-30,23150.0,23310.0,23120.0,23235.1,4310725,17.224409760196615
NIFTY,2025-01-30,2025-02-27,23310.7,23458.8,23269.05,23418.3,17296050,17.287988765114292
NIFTY,2025-01-31,2025-03-27,23568.0,23785.0,23563.8,23765.15,851175,17.535851839219625
NIFTY,2025-01-31,2025-02-27,23490.0,23644.0,23411.05,23620.2,17774775,17.550254216672947
NIFTY,2025-01-31,2025-04-24,23705.0,23920.0,23700.0,23899.4,49125,17.46976636162067
NIFTY,2025-02-01,2025-02-27,23584.0,23715.35,23422.95,23555.55,17392275,17.239133233280267
NIFTY,2025-02-01,2025-03-27,23751.05,23852.95,23570.0,23694.15,861225,16.938226897421167
NIFTY,2025-02-01,2025-04-24,23892.3,23988.0,23714.1,23838.95,64500,16.948848939474672
NIFTY,2025-02-03,2025-04-24,23750.0,23750.0,23590.0,23721.1,80625,16.080614428180134
NIFTY,2025-02-03,2025-02-27,23390.0,23463.25,23305.35,23442.75,17125575,16.10161742602974
NIFTY,2025-02-03,2025-03-27,23575.0,23595.0,23451.0,23581.25,862950,16.05429118341629
NIFTY,2025-02-04,2025-04-24,23799.95,24075.0,23780.65,24064.4,103575,16.83492756286048
NIFTY,2025-02-04,2025-02-27,23550.0,23796.75,23496.9,23785.4,16697400,16.81090175103068
NIFTY,2025-02-04,2025-03-27,23666.0,23932.7,23642.1,23923.45,885900,16.813391273036736
NIFTY,2025-02-05,2025-03-27,23935.0,23991.65,23897.65,23915.8,888975,16.80791862944067
NIFTY,2025-02-05,2025-04-24,24111.0,24130.2,24041.0,24062.05,114450,16.798264091460734
NIFTY,2025-02-05,2025-02-27,23825.0,23853.8,23755.0,23772.6,16613175,16.80284792094386
NIFTY,2025-02-06,2025-04-24,24041.0,24104.3,23955.0,23976.55,135675,16.946335414074092
NIFTY,2025-02-06,2025-02-27,23822.4,23835.0,23660.0,23688.9,16787400,17.270389336981644
NIFTY,2025-02-06,2025-03-27,23964.6,23964.6,23805.05,23835.3,930525,16.906441289558412
NIFTY,2025-02-07,2025-03-27,23852.45,23934.1,23671.0,23765.7,963300,16.52556094527304
NIFTY,2025-02-07,2025-02-27,23712.0,23794.65,23521.0,23614.95,16761000,16.354618408257522
NIFTY,2025-02-07,2025-04-24,23980.35,24075.0,23818.15,23903.65,147900,16.528842827424132
NIFTY,2025-02-10,2025-03-27,23746.0,23752.1,23540.0,23610.6,1041825,16.65903768330746
NIFTY,2025-02-10,2025-02-27,23589.95,23623.0,23388.0,23459.15,17100975,16.39355663266721
NIFTY,2025-02-10,2025-04-24,23850.0,23862.25,23690.0,23752.3,176925,16.695496974533512
NIFTY,2025-02-11,2025-02-27,23421.0,23470.0,23060.0,23153.15,17240925,17.85434376093017
NIFTY,2025-02-11,2025-04-24,23739.85,23739.85,23350.0,23441.0,224550,17.872784659139157
NIFTY,2025-02-11,2025-03-27,23568.4,23594.6,23203.5,23293.8,1152825,17.90697575782151
NIFTY,2025-02-12,2025-04-24,23400.0,23512.0,23190.8,23411.1,260175,17.59043700440401
NIFTY,2025-02-12,2025-03-27,23283.8,23375.0,23040.0,23265.8,1292625,17.188536666482655
NIFTY,2025-02-12,2025-02-27,23134.4,23236.45,22900.0,23123.85,17572200,17.11597961559261
NIFTY,2025-02-13,2025-04-24,23326.8,23583.3,23326.8,23391.4,271275,16.890566544546633
NIFTY,2025-02-13,2025-02-27,23119.0,23310.0,23066.0,23107.75,17272950,17.153286956982292
NIFTY,2025-02-13,2025-03-27,23290.0,23442.0,23207.55,23242.2,1432575,16.859060866692378
NIFTY,2025-02-14,2025-04-24,23450.25,23482.25,23130.05,23277.85,317925,16.374685357158516
NIFTY,2025-02-14,2025-02-27,23169.0,23205.5,22846.45,22995.65,17385600,16.609581362610758
NIFTY,2025-02-14,2025-03-27,23299.0,23344.0,22982.3,23129.05,1659225,16.598374218881602
NIFTY,2025-02-17,2025-02-27,22945.4,23049.0,22826.25,23026.4,17193300,16.588461411892645
NIFTY,2025-02-17,2025-04-24,23186.05,23325.0,23116.0,23304.45,358425,16.676916522957665
NIFTY,2025-02-17,2025-03-27,23050.15,23185.0,22962.2,23162.05,1804125,16.661699567897674
NIFTY,2025-02-18,2025-02-27,23029.1,23029.1,22838.8,22972.6,16780425,15.5516777753178
NIFTY,2025-02-18,2025-03-27,23142.7,23150.0,22977.2,23101.35,2020050,15.379542706262622
NIFTY,2025-02-18,2025-04-24,23362.85,23362.85,23121.85,23251.15,383025,15.406661949961295
NIFTY,2025-02-19,2025-03-27,23080.95,23237.95,23012.95,23099.8,2306175,15.490476325687187
NIFTY,2025-02-19,2025-02-27,22900.2,23106.2,22881.15,22964.5,16659825,15.393534722175687
NIFTY,2025-02-19,2025-04-24,23250.0,23380.9,23160.0,23247.0,427500,15.562922372411576
NIFTY,2025-02-20,2025-02-27,22895.0,22960.95,22855.0,22942.5,16391775,15.707489082314147
NIFTY,2025-02-20,2025-03-27,22911.0,23100.3,22898.35,23083.35,2879400,15.524800579682246
NIFTY,2025-02-20,2025-04-24,23201.0,23241.85,23145.0,23226.45,452850,15.525552041891888
NIFTY,2025-02-21,2025-04-24,23210.6,23223.45,23053.05,23105.15,507225,15.566954932504753
NIFTY,2025-02-21,2025-03-27,23073.2,23081.5,22900.0,22963.05,4159350,15.561181225491353
NIFTY,2025-02-21,2025-02-27,22880.0,22940.25,22757.75,22822.6,15082500,15.120008225347078
NIFTY,2025-02-24,2025-04-24,23005.0,23005.0,22860.0,22895.1,575100,14.824247953774245
NIFTY,2025-02-24,2025-03-27,22825.0,22855.0,22707.55,22744.55,8394450,14.829451414775985
NIFTY,2025-02-24,2025-02-27,22674.7,22720.15,22572.15,22612.65,11660625,14.323185361435048
NIFTY,2025-02-25,2025-02-27,22582.2,22646.0,22561.3,22582.15,7711800,12.449905942787163
NIFTY,2025-02-25,2025-04-24,22875.0,22925.9,22844.2,22866.8,676725,12.465945087359142
NIFTY,2025-02-25,2025-03-27,22777.0,22779.0,22691.2,22716.2,12197550,12.47796528171778
NIFTY,2025-02-27,2025-03-27,22696.0,22739.6,22660.0,22683.65,16756425,12.355012948781912
NIFTY,2025-02-27,2025-04-24,22850.0,22893.9,22810.5,22835.45,882975,12.449922242410791
NIFTY,2025-02-27,2025-02-27,22580.0,22605.05,22530.2,22547.75,3467625,12.83618652680831
NIFTY,2025-02-28,2025-05-29,22875.0,22875.0,22515.45,22556.15,94950,12.296710753480781
NIFTY,2025-02-28,2025-03-27,22532.4,22574.75,22233.35,22280.05,17905950,12.305592790965344
NIFTY,2025-02-28,2025-04-24,22702.0,22731.45,22390.0,22431.45,991950,12.357063595416463
NIFTY,2025-03-03,2025-04-24,22498.9,22523.15,22291.2,22406.8,1123500,12.3308408384539
NIFTY,2025-03-03,2025-05-29,22593.65,22648.95,22420.0,22534.6,240900,12.042862504049687
NIFTY,2025-03-03,2025-03-27,22341.0,22376.0,22140.05,22259.8,17949600,12.331532133590924
NIFTY,2025-03-04,2025-03-27,22115.6,22237.0,22101.0,22191.05,18198750,12.307362618185625
NIFTY,2025-03-04,2025-04-24,22265.0,22383.75,22245.6,22334.85,1217700,11.882343213239514
NIFTY,2025-03-04,2025-05-29,22440.0,22500.0,22376.6,22450.1,330150,11.941985516786712
NIFTY,2025-03-05,2025-05-29,22403.05,22761.1,22403.05,22705.45,568050,12.262687470842463
NIFTY,2025-03-05,2025-04-24,22329.9,22643.0,22321.65,22590.2,1429800,12.201739562111852
NIFTY,2025-03-05,2025-03-27,22200.0,22498.0,22168.3,22441.35,17827425,12.119291092238775
NIFTY,2025-03-06,2025-05-29,22762.9,22887.3,22624.1,22873.7,602550,13.367430950331146
NIFTY,2025-03-06,2025-03-27,22541.0,22638.15,22359.0,22620.95,18106275,13.637226033173539
NIFTY,2025-03-06,2025-04-24,22660.0,22780.0,22503.05,22763.85,1409925,13.255284029872316
NIFTY,2025-03-07,2025-03-27,22598.9,22738.0,22572.2,22649.95,18054525,12.795179672120554
NIFTY,2025-03-07,2025-05-29,22853.95,22986.75,22829.95,22907.9,612375,13.114633157971479
NIFTY,2025-03-07,2025-04-24,22699.95,22880.0,22699.95,22797.3,1467000,13.034690890834352
NIFTY,2025-03-10,2025-05-29,22886.0,22979.3,22751.05,22771.8,706050,12.96198682647616
NIFTY,2025-03-10,2025-03-27,22599.9,22728.15,22486.85,22515.65,17677275,13.23802908889847
NIFTY,2025-03-10,2025-04-24,22762.0,22869.95,22641.4,22662.3,1496550,13.288507359894282
NIFTY,2025-03-11,2025-05-29,22703.0,22842.7,22629.0,22816.65,826125,13.409968164167774
NIFTY,2025-03-11,2025-03-27,22419.95,22592.05,22361.55,22564.3,17580075,13.659380412176573
NIFTY,2025-03-11,2025-04-24,22525.0,22734.85,22511.0,22707.25,1580475,13.682150815351143
NIFTY,2025-03-12,2025-05-29,22840.85,22868.35,22633.5,22780.65,919500,13.702224701010014
NIFTY,2025-03-12,2025-04-24,22732.0,22758.85,22527.05,22673.2,1668975,13.26630747826151
NIFTY,2025-03-12,2025-03-27,22580.0,22618.8,22380.2,22530.35,17460150,13.254707994992593
NIFTY,2025-03-13,2025-04-24,22700.0,22749.0,22576.85,22591.1,1700400,13.276429204642096
NIFTY,2025-03-13,2025-05-29,22829.95,22854.45,22681.95,22694.15,927150,13.195796896670736
NIFTY,2025-03-13,2025-03-27,22550.0,22615.8,22430.1,22444.25,17564925,13.073379103223761
NIFTY,2025-03-17,2025-04-24,22587.0,22812.15,22587.0,22728.9,1783950,13.590337399354935
NIFTY,2025-03-17,2025-03-27,22510.2,22670.0,22502.3,22584.3,17206125,13.221134683605221
NIFTY,2025-03-17,2025-05-29,22736.0,22908.45,22736.0,22826.2,959775,13.430566682144631
NIFTY,2025-03-18,2025-05-29,22939.95,23163.55,22911.15,23147.1,1013850,13.969989009326492
NIFTY,2025-03-18,2025-04-24,22830.0,23052.5,22815.15,23031.6,2025075,14.008935241029729
NIFTY,2025-03-18,2025-03-27,22705.0,22912.7,22672.8,22895.4,16764675,13.61681198645022
NIFTY,2025-03-19,2025-03-27,22934.0,22993.0,22872.0,22972.95,16443750,13.578201261906441
NIFTY,2025-03-19,2025-05-29,23184.0,23247.25,23124.95,23235.4,1102050,13.819058257732603
NIFTY,2025-03-19,2025-04-24,23067.95,23140.95,23016.65,23123.45,2344050,13.882768138033342
NIFTY,2025-03-20,2025-04-24,23208.75,23375.0,23170.0,23346.5,2676525,13.779449203983269
NIFTY,2025-03-20,2025-05-29,23254.85,23495.0,23254.85,23458.2,1168200,13.699945493320486
NIFTY,2025-03-20,2025-03-27,23069.9,23232.6,23015.0,23200.25,15414525,13.977028487449408
NIFTY,2025-03-21,2025-05-29,23455.0,23697.0,23435.65,23651.2,1246875,13.996424417794499
NIFTY,2025-03-21,2025-03-27,23195.05,23438.0,23172.0,23379.85,14353050,14.028982859091027
NIFTY,2025-03-21,2025-04-24,23330.05,23574.0,23315.75,23527.5,3040350,14.028922378869119
NIFTY,2025-03-24,2025-05-29,23698.0,24004.5,23698.0,23979.7,1313550,14.840637437953418
NIFTY,2025-03-24,2025-04-24,23599.95,23875.9,23588.0,23844.15,4772325,14.719775039844174
NIFTY,2025-03-24,2025-03-27,23482.3,23729.8,23441.5,23699.35,12926625,14.7697110368623
NIFTY,2025-03-25,2025-03-27,23767.1,23893.9,23660.0,23705.35,11648400,14.755244694304704
NIFTY,2025-03-25,2025-05-29,24004.5,24175.0,23940.05,23981.15,1377825,14.54209853735748
NIFTY,2025-03-25,2025-04-24,23968.0,24035.0,23810.4,23861.55,6784800,14.623641309683588
NIFTY,2025-03-26,2025-05-29,24000.0,24028.95,23790.0,23812.2,1472175,14.583587819697888
NIFTY,2025-03-26,2025-04-24,23852.1,23913.0,23656.5,23681.45,9984900,14.253548317185302
NIFTY,2025-03-26,2025-03-27,23735.0,23761.4,23494.9,23521.9,7067400,14.383188477137132
NIFTY,2025-03-27,2025-04-24,23650.0,23812.3,23575.1,23777.65,12423450,14.644396744928272
NIFTY,2025-03-27,2025-03-27,23470.0,23643.1,23455.05,23593.6,4421475,14.780981857215394
NIFTY,2025-03-27,2025-05-29,23778.55,23936.0,23740.0,23898.15,1650300,14.962214736669585
NIFTY,2025-03-28,2025-05-29,23900.35,23920.8,23688.05,23765.45,1693200,15.11948666072559
NIFTY,2025-03-28,2025-04-24,23775.05,23801.6,23560.0,23637.65,12560100,15.231983296595
NIFTY,2025-03-28,2025-06-26,24050.05,24070.0,23804.1,23874.9,172650,14.96044137314952
NIFTY,2025-04-01,2025-04-24,23530.0,23668.0,23290.0,23321.4,12808425,16.307503095615257
NIFTY,2025-04-01,2025-06-26,23800.0,23885.0,23519.55,23547.9,371175,16.350107252824277
NIFTY,2025-04-01,2025-05-29,23660.0,23794.75,23407.95,23437.5,1450875,16.200215044483752
NIFTY,2025-04-02,2025-04-24,23326.95,23459.6,23300.0,23438.95,12604950,15.715339263672293
NIFTY,2025-04-02,2025-06-26,23505.45,23662.0,23505.45,23651.5,443475,15.819145884469965
NIFTY,2025-04-02,2025-05-29,23447.15,23564.95,23415.0,23550.75,1473975,15.764106165681568
NIFTY,2025-04-03,2025-04-24,23215.0,23411.1,23215.0,23325.95,13032300,16.03638076171349
NIFTY,2025-04-03,2025-06-26,23500.1,23622.95,23470.0,23560.5,462075,15.960499979218357
NIFTY,2025-04-03,2025-05-29,23400.0,23524.95,23362.15,23450.2,1470375,15.956586890671677
NIFTY,2025-04-04,2025-05-29,23407.0,23407.05,23048.5,23079.8,1478550,16.38951943324014
NIFTY,2025-04-04,2025-04-24,23229.7,23250.0,22920.05,22958.15,13654275,16.375876481722305
NIFTY,2025-04-04,2025-06-26,23410.0,23486.55,23151.25,23180.95,561450,16.340225902328214
NIFTY,2025-04-07,2025-04-24,22201.5,22347.0,21860.0,22263.8,13875975,18.983022441442664
NIFTY,2025-04-07,2025-06-26,22402.0,22532.0,21646.3,22460.45,926400,19.00947050697325
NIFTY,2025-04-07,2025-05-29,22270.0,22450.0,21911.0,22368.45,1586775,18.887740851430326
NIFTY,2025-04-08,2025-04-24,22511.6,22744.9,22341.0,22630.35,13430775,18.283569570114885
NIFTY,2025-04-08,2025-06-26,22600.0,22945.0,22557.95,22850.1,909075,18.547206031777186
NIFTY,2025-04-08,2025-05-29,22528.0,22846.0,22444.65,22744.35,1633125,18.519956350580273
NIFTY,2025-04-09,2025-04-24,22544.0,22544.0,22405.05,22479.65,13164825,18.752312577285355
NIFTY,2025-04-09,2025-06-26,22770.7,22770.7,22631.0,22694.8,936525,18.633963938089227
NIFTY,2025-04-09,2025-05-29,22669.65,22669.65,22525.05,22587.8,1730775,18.630040784416764
NIFTY,2025-04-11,2025-04-24,22746.0,23017.0,22746.0,22917.65,12919500,19.22317942275182
NIFTY,2025-04-11,2025-06-26,23000.0,23218.95,23000.0,23126.8,967800,19.40586737487223
NIFTY,2025-04-11,2025-05-29,22971.0,23115.0,22919.85,23027.1,1808700,19.353124946922954
NIFTY,2025-04-15,2025-04-24,23295.0,23399.9,23252.0,23340.9,12380700,19.511287352453337
NIFTY,2025-04-15,2025-06-26,23450.0,23598.0,23450.0,23551.4,970200,19.578626135085674
NIFTY,2025-04-15,2025-05-29,23358.6,23500.0,23358.6,23452.9,1913475,19.22397228153601
NIFTY,2025-04-16,2025-04-24,23338.0,23450.0,23277.2,23433.5,12106575,19.165920428568032
NIFTY,2025-04-16,2025-06-26,23552.0,23671.5,23489.0,23656.0,989325,19.314260588447453
NIFTY,2025-04-16,2025-05-29,23416.0,23565.9,23385.5,23545.8,2097225,19.12583603719881
NIFTY,2025-04-17,2025-06-26,23644.1,24080.0,23561.3,24060.2,1144350,18.914533282084445
NIFTY,2025-04-17,2025-04-24,23399.9,23872.7,23330.0,23851.3,11622975,18.93884650199156
NIFTY,2025-04-17,2025-05-29,23501.8,23978.0,23450.0,23956.4,2715600,18.905906788588027
NIFTY,2025-04-21,2025-05-29,24004.7,24325.0,23980.6,24268.3,3508125,19.23216480135316
NIFTY,2025-04-21,2025-04-24,23875.9,24194.5,23875.6,24135.5,11051175,19.178933492355675
NIFTY,2025-04-21,2025-06-26,24100.8,24426.7,24099.9,24369.4,1185750,19.288389082488187
NIFTY,2025-04-22,2025-04-24,24150.0,24239.8,24077.0,24169.0,8816400,19.228037866612905
NIFTY,2025-04-22,2025-06-26,24400.0,24480.0,24311.6,24414.3,1230450,19.231796604032535
NIFTY,2025-04-22,2025-05-29,24260.0,24373.4,24205.0,24303.4,6043200,19.22810377241932
NIFTY,2025-04-23,2025-06-26,24500.0,24598.6,24370.0,24557.2,1280850,18.701912571354917
NIFTY,2025-04-23,2025-04-24,24310.0,24351.8,24121.1,24312.7,5549550,18.911340148583022
NIFTY,2025-04-23,2025-05-29,24452.1,24486.7,24251.1,24448.7,9082350,18.802683339103528
NIFTY,2025-04-24,2025-05-29,24450.0,24499.9,24341.5,24373.0,11503875,14.240909414162356
NIFTY,2025-04-24,2025-06-26,24569.7,24609.1,24461.9,24474.5,1321575,14.14040209053143
NIFTY,2025-04-24,2025-04-24,24288.0,24360.0,24225.0,24245.7,3392175,14.445035217456995
NIFTY,2025-04-25,2025-05-29,24465.0,24511.0,23975.0,24139.1,11736900,14.32883587303247
NIFTY,2025-04-25,2025-07-31,24487.6,24708.9,24209.0,24366.4,67500,14.315673192857206
NIFTY,2025-04-25,2025-06-26,24450.0,24598.9,24082.4,24243.4,1403025,14.333541551530299
NIFTY,2025-04-28,2025-07-31,24400.0,24706.9,24369.6,24683.7,117225,14.440814771430896
NIFTY,2025-04-28,2025-05-29,24200.2,24489.0,24140.0,24452.8,12629700,14.749411096562786
NIFTY,2025-04-28,2025-06-26,24288.8,24586.9,24261.9,24557.8,1484775,14.595103907841256
NIFTY,2025-04-29,2025-07-31,24689.0,24803.9,24636.0,24663.5,156900,14.172432961341311
NIFTY,2025-04-29,2025-06-26,24586.7,24675.4,24506.0,24527.1,1550100,14.212498185527625
NIFTY,2025-04-29,2025-05-29,24484.0,24567.9,24396.1,24425.3,13070550,14.206379692700514
NIFTY,2025-04-30,2025-06-26,24482.5,24586.0,24453.5,24520.5,1583625,13.788433330647926
NIFTY,2025-04-30,2025-05-29,24369.9,24486.0,24348.7,24418.4,13347750,13.707949674966159
NIFTY,2025-04-30,2025-07-31,24617.6,24716.4,24590.0,24647.0,169125,13.80397460225405
NIFTY,2025-05-02,2025-05-29,24399.9,24718.3,24310.0,24400.7,12934800,14.199355147617329
NIFTY,2025-05-02,2025-07-31,24621.1,24938.9,24554.0,24639.0,203550,14.213019637811932
NIFTY,2025-05-02,2025-06-26,24530.2,24825.0,24420.0,24507.3,1591725,14.239811374214431
NIFTY,2025-05-05,2025-07-31,24705.0,24859.9,24705.0,24796.9,204000,13.248978380053439
NIFTY,2025-05-05,2025-05-29,24481.1,24630.0,24471.0,24553.7,13520250,13.324528674891734
NIFTY,2025-05-05,2025-06-26,24580.0,24730.7,24575.0,24658.9,1657725,13.321866948238782
NIFTY,2025-05-06,2025-07-31,24816.0,24816.0,24655.2,24672.1,240225,12.825014762014982
NIFTY,2025-05-06,2025-05-29,24574.8,24576.8,24410.0,24431.4,13527900,13.058696375885157
NIFTY,2025-05-06,2025-06-26,24658.5,24681.3,24515.2,24535.4,1711350,12.816864348442007
NIFTY,2025-05-07,2025-05-29,24343.9,24538.5,24311.0,24461.4,13159275,12.604534456104252
NIFTY,2025-05-07,2025-07-31,24556.7,24777.9,24556.7,24707.4,267900,12.59835069870387
NIFTY,2025-05-07,2025-06-26,24390.5,24638.7,24390.5,24570.3,1738800,12.636180026465956
NIFTY,2025-05-08,2025-06-26,24580.0,24623.2,24288.1,24362.6,1898850,12.516704298242765
NIFTY,2025-05-08,2025-07-31,24740.0,24751.1,24426.6,24510.9,264225,12.295688695525987
NIFTY,2025-05-08,2025-05-29,24489.0,24523.9,24194.1,24271.9,12776925,12.52373020489213
NIFTY,2025-05-09,2025-05-29,24063.4,24215.0,23984.0,24065.5,12619800,12.728339436612867
NIFTY,2025-05-09,2025-06-26,24100.0,24307.9,24063.6,24174.3,2057625,12.739845199279303
NIFTY,2025-05-09,2025-07-31,24210.9,24439.0,24210.9,24315.0,295650,12.569363967448263
NIFTY,2025-05-12,2025-07-31,24667.4,25300.0,24667.4,25275.6,332175,16.893613244890126
NIFTY,2025-05-12,2025-05-29,24476.0,25069.9,24410.0,25044.1,12644025,17.00319634275337
NIFTY,2025-05-12,2025-06-26,24549.7,25172.5,24549.7,25150.8,2717475,16.93080391063225
NIFTY,2025-05-13,2025-07-31,25199.0,25277.9,24873.6,24899.6,386925,16.450669901634164
NIFTY,2025-05-13,2025-05-29,24960.0,25044.0,24613.5,24640.2,12246525,16.507925929073878
NIFTY,2025-05-13,2025-06-26,25110.0,25149.0,24732.0,24757.1,2921325,16.51789116146466
NIFTY,2025-05-14,2025-07-31,24914.3,25074.0,24834.1,24965.4,391500,16.646444546478456
NIFTY,2025-05-14,2025-05-29,24670.0,24834.4,24572.3,24715.9,11632575,16.8351701756915
NIFTY,2025-05-14,2025-06-26,24800.8,24939.9,24700.0,24830.9,2991600,16.825855751358016
NIFTY,2025-05-15,2025-06-26,24849.9,25255.0,24705.4,25191.2,3400800,17.281401727538064
NIFTY,2025-05-15,2025-07-31,24931.0,25375.0,24846.3,25318.6,386925,17.25060775867398
NIFTY,2025-05-15,2025-05-29,24733.9,25144.9,24600.0,25078.7,12191025,17.345871608138893
NIFTY,2025-05-16,2025-07-31,25377.3,25383.7,25260.1,25329.7,434100,17.249237265965597
NIFTY,2025-05-16,2025-05-29,25126.1,25149.0,25006.0,25078.7,11973975,17.35265069160386
NIFTY,2025-05-16,2025-06-26,25254.7,25254.7,25126.4,25191.6,3611400,17.2917573883146
NIFTY,2025-05-19,2025-07-31,25310.1,25359.8,25206.4,25232.0,455400,16.98596438087339
NIFTY,2025-05-19,2025-06-26,25194.5,25225.0,25070.0,25093.9,3729150,16.799847540182377
NIFTY,2025-05-19,2025-05-29,25060.1,25117.2,24952.7,24976.4,11775375,16.838240478351217
NIFTY,2025-05-20,2025-07-31,25282.1,25304.0,25000.0,25022.9,514725,16.8430049768234
NIFTY,2025-05-20,2025-05-29,25040.2,25059.9,24745.0,24774.6,11175975,16.851927079378104
NIFTY,2025-05-20,2025-06-26,25174.0,25175.7,24847.6,24873.1,5784750,16.846707543455757
NIFTY,2025-05-21,2025-07-31,25089.9,25250.0,24978.1,25064.2,530775,16.937276966352286
NIFTY,2025-05-21,2025-06-26,24873.3,25118.0,24829.2,24931.2,7192725,16.797586421689367
NIFTY,2025-05-21,2025-05-29,24755.3,25019.0,24720.0,24832.2,10785750,16.75557139855589
NIFTY,2025-05-22,2025-06-26,24855.1,24894.9,24625.0,24758.0,7801050,16.57838112786599
NIFTY,2025-05-22,2025-07-31,24989.0,24995.6,24770.9,24896.7,606525,16.56499491915438
NIFTY,2025-05-22,2025-05-29,24778.0,24792.9,24515.0,24652.2,10423125,16.568787654276157
NIFTY,2025-05-23,2025-06-26,24757.8,25052.0,24736.1,24972.8,8199150,16.717220762669452
NIFTY,2025-05-23,2025-05-29,24656.5,24961.7,24634.9,24879.9,10398000,16.749298045753285
NIFTY,2025-05-23,2025-07-31,24911.0,25185.5,24875.7,25105.0,816750,16.855571013463766
NIFTY,2025-05-26,2025-06-26,25025.0,25195.0,25025.0,25127.7,9353700,12.31891603395171
NIFTY,2025-05-26,2025-05-29,24950.0,25123.9,24935.2,25035.9,9418875,12.070519732816601
NIFTY,2025-05-26,2025-07-31,25165.5,25326.7,25158.6,25254.0,966825,12.273718321391144
NIFTY,2025-05-27,2025-05-29,25000.0,25108.8,24739.0,24862.6,7685625,12.763978782771272
NIFTY,2025-05-27,2025-06-26,25080.0,25187.0,24856.0,24963.4,10191375,12.424004325208658
NIFTY,2025-05-27,2025-07-31,25251.0,25317.0,24990.1,25094.7,1306650,12.44032165917822
NIFTY,2025-05-28,2025-05-29,24772.6,24896.0,24742.5,24762.5,5931375,12.817606047357549
NIFTY,2025-05-28,2025-07-31,25094.7,25114.8,24980.0,24996.1,1462575,12.769646963081737
NIFTY,2025-05-28,2025-06-26,24950.1,24986.9,24842.4,24860.7,12391350,12.812149501141656
NIFTY,2025-05-29,2025-06-26,24915.0,24991.7,24802.0,24942.8,12683625,12.106967394542103
NIFTY,2025-05-29,2025-07-31,25079.9,25118.4,24940.0,25084.3,2243925,12.131938946771937
NIFTY,2025-05-29,2025-05-29,24828.6,24900.0,24661.0,24814.2,3945300,12.222492233672044
NIFTY,2025-05-30,2025-07-31,25120.7,25120.7,24970.0,25002.6,2560950,12.064029367030674
NIFTY,2025-05-30,2025-06-26,24940.2,24987.7,24840.0,24871.2,13020000,11.81833757676205
NIFTY,2025-05-30,2025-08-28,25125.2,25229.9,25095.4,25126.0,34575,12.132038576833615
NIFTY,2025-06-02,2025-06-26,24799.0,24869.0,24610.0,24826.3,12674100,12.595941264673458
NIFTY,2025-06-02,2025-07-31,24936.8,25004.3,24743.6,24965.6,2828025,12.626022172881452
NIFTY,2025-06-02,2025-08-28,25000.0,25121.2,24870.1,25077.6,60975,12.61903477356906
NIFTY,2025-06-03,2025-06-26,24835.0,24929.0,24631.0,24675.3,12731325,13.449461358747538
NIFTY,2025-06-03,2025-07-31,25019.9,25064.9,24765.0,24816.2,3503250,13.252522845288148
NIFTY,2025-06-03,2025-08-28,25149.9,25174.9,24878.9,24916.0,105525,13.253694436980048
NIFTY,2025-06-04,2025-08-28,24916.0,24998.1,24886.1,24973.3,123750,13.076391758464029
NIFTY,2025-06-04,2025-06-26,24710.0,24761.0,24637.6,24729.4,12494550,13.293144450841535
NIFTY,2025-06-04,2025-07-31,24770.8,24894.2,24770.8,24865.4,3963375,13.345252271526814
NIFTY,2025-06-05,2025-06-26,24752.3,25008.8,24716.1,24861.4,12317325,13.313913296702012
NIFTY,2025-06-05,2025-07-31,24827.5,25143.0,24827.5,24999.1,4818150,13.311674899825373
NIFTY,2025-06-05,2025-08-28,25087.3,25245.0,24964.2,25107.4,152550,13.017308891114897
NIFTY,2025-06-06,2025-08-28,25103.8,25379.0,25001.7,25339.8,189300,12.750560461244199
NIFTY,2025-06-06,2025-06-26,24854.9,25139.0,24750.0,25096.3,12180600,13.031797301027122
NIFTY,2025-06-06,2025-07-31,25000.0,25265.0,24888.2,25226.9,5003250,12.854565020550455
NIFTY,2025-06-09,2025-06-26,25205.0,25234.0,25147.4,25181.8,11925600,12.865300923438006
NIFTY,2025-06-09,2025-08-28,25400.0,25456.0,25400.0,25422.5,221850,13.097789074413937
NIFTY,2025-06-09,2025-07-31,25340.9,25342.8,25282.7,25316.6,5245950,12.930675410116157
NIFTY,2025-06-10,2025-06-26,25222.0,25249.2,25130.0,25160.6,11487600,12.214345286044875
NIFTY,2025-06-10,2025-07-31,25350.0,25380.0,25262.3,25295.0,5335200,12.253214536057822
NIFTY,2025-06-10,2025-08-28,25555.1,25555.1,25378.3,25401.3,263775,12.221082166497554
NIFTY,2025-06-11,2025-07-31,25290.1,25435.0,25274.7,25342.4,5408250,11.551020525567997
NIFTY,2025-06-11,2025-08-28,25410.1,25540.0,25385.6,25447.1,347325,11.306175120590424
NIFTY,2025-06-11,2025-06-26,25179.9,25307.0,25140.0,25211.7,11403000,11.536330491558628
NIFTY,2025-06-12,2025-08-28,25454.9,25495.0,25143.0,25169.6,450825,11.521110632372118
NIFTY,2025-06-12,2025-06-26,25210.5,25260.0,24901.3,24937.4,11388075,11.727726409873618
NIFTY,2025-06-12,2025-07-31,25337.8,25386.9,25039.9,25068.7,5735625,11.38422939697254
NIFTY,2025-06-13,2025-08-28,25000.0,25024.0,24830.7,24970.0,480825,11.237664681772342
NIFTY,2025-06-13,2025-07-31,24988.7,24988.7,24716.0,24856.8,5864700,11.210345572267206
NIFTY,2025-06-13,2025-06-26,24588.0,24790.0,24575.3,24727.4,11825400,10.873274621857286
NIFTY,2025-06-16,2025-06-26,24755.5,25024.8,24735.0,24996.2,11748900,10.800426043685256
NIFTY,2025-06-16,2025-07-31,24800.0,25133.5,24800.0,25113.3,6054075,10.763746016984934
NIFTY,2025-06-16,2025-08-28,24970.0,25239.0,24970.0,25220.6,572250,10.75656522468699
NIFTY,2025-06-17,2025-06-26,24996.1,25003.5,24839.1,24868.8,11568075,10.495645615970568
NIFTY,2025-06-17,2025-08-28,25200.1,25219.8,25072.3,25092.9,584925,10.685898087921665
NIFTY,2025-06-17,2025-07-31,25101.7,25111.9,24960.0,24985.4,6266775,10.711831747561376
NIFTY,2025-06-18,2025-08-28,25053.4,25192.0,25014.2,25050.4,646725,10.717536590846414
NIFTY,2025-06-18,2025-07-31,24944.5,25091.5,24905.0,24941.6,6371400,10.392953910764852
NIFTY,2025-06-18,2025-06-26,24840.1,24978.8,24786.0,24826.9,11174250,10.366483401468415
NIFTY,2025-06-19,2025-07-31,24924.0,25000.0,24875.5,24915.5,6598050,10.418648435164808
NIFTY,2025-06-19,2025-08-28,25038.1,25104.0,24984.0,25017.9,657300,10.361830319207478
NIFTY,2025-06-19,2025-06-26,24813.0,24891.4,24751.0,24803.1,11068050,10.571735814312753
NIFTY,2025-06-20,2025-06-26,24825.0,25137.0,24806.5,25111.7,10854000,10.860574278810583
NIFTY,2025-06-20,2025-08-28,25028.2,25324.1,25028.2,25301.0,826350,10.716575657716703
NIFTY,2025-06-20,2025-07-31,24910.0,25225.0,24910.0,25201.2,7210425,10.680213557699853
NIFTY,2025-06-23,2025-07-31,25120.1,25189.0,24931.3,25102.3,8506425,10.728923991738124
NIFTY,2025-06-23,2025-08-28,25190.0,25293.9,25040.0,25207.3,912900,10.417743172178099
NIFTY,2025-06-23,2025-06-26,24975.0,25090.0,24825.0,24993.3,9159975,10.631699105566831
NIFTY,2025-06-24,2025-07-31,25300.0,25449.9,25151.0,25179.1,11100825,10.721999226943952
NIFTY,2025-06-24,2025-08-28,25400.0,25558.9,25270.0,25302.2,1093200,10.703358067684727
NIFTY,2025-06-24,2025-06-26,25180.2,25349.0,25036.2,25071.7,7305300,10.9452401061202
